1.666666666666666519e+00 0.000000000000000000e+00
3.356680026720106866e+02 1.977281715696435807e-20
6.696693386773547445e+02 4.489821617740152806e-20
1.003670674682698746e+03 6.242957174182566791e-20
1.337672010688042747e+03 7.273384692515850981e-20
1.671673346693386748e+03 7.854124237554786994e-20
2.005674682698730976e+03 8.176433583096086610e-20
2.339676018704074522e+03 8.349768706569844105e-20
2.673677354709418978e+03 8.434988235827173837e-20
3.007678690714762524e+03 8.466481791578625948e-20
3.341680026720106980e+03 8.464233865025122110e-20
3.675681362725450981e+03 8.440199646232187374e-20
4.009682698730794982e+03 8.401721046243982389e-20
4.343684034736139438e+03 8.353407779899373576e-20
4.677685370741482984e+03 8.298205590098817860e-20
5.011686706746826530e+03 8.238021517570428653e-20
5.345688042752170986e+03 8.174100412250869904e-20
5.679689378757514532e+03 8.107257607472820055e-20
6.013690714762858988e+03 8.038026119366024421e-20
6.347692050768202535e+03 7.966751755803376449e-20
6.681693386773546990e+03 7.893655737450145049e-20
7.015694722778891446e+03 7.818876622725200751e-20
7.349696058784234992e+03 7.742498789143601963e-20
7.683697394789579448e+03 7.664572023160288435e-20
8.017698730794923904e+03 7.585125129318215787e-20
8.351700066800267450e+03 7.504175451958576583e-20
8.685701402805610996e+03 7.421735560380151905e-20
9.019702738810954543e+03 7.337817936046921604e-20
9.353704074816298089e+03 7.252438231817764051e-20
9.687705410821643454e+03 7.165617495756054918e-20
1.002170674682698700e+04 7.077383633460837881e-20
1.035570808283233055e+04 6.987772302689579302e-20
1.068970941883767591e+04 6.896827379326518260e-20
1.102371075484301764e+04 6.804601096083604371e-20
1.135771209084836300e+04 6.711153929183918486e-20
1.169171342685370655e+04 6.616554290002400313e-20
1.202571476285905010e+04 6.520878065757303961e-20
1.235971609886439546e+04 6.424208044180195840e-20
1.269371743486973901e+04 6.326633250490149314e-20
1.302771877087508255e+04 6.228248220162100567e-20
1.336172010688042792e+04 6.129152227356472980e-20
1.369572144288577147e+04 6.029448486080073403e-20
1.402972277889111501e+04 5.929243338908670810e-20
1.436372411489646038e+04 5.828645446233627717e-20
1.469772545090180392e+04 5.727764987371724401e-20
1.503172678690714747e+04 5.626712883414792468e-20
1.536572812291249284e+04 5.525600050340314427e-20
1.569972945891783638e+04 5.424536689623313455e-20
1.603373079492317993e+04 5.323631622367227857e-20
1.636773213092852529e+04 5.222991671800481251e-20
1.670173346693386702e+04 5.122721097867148440e-20
1.703573480293921239e+04 5.022921086578747170e-20
1.736973613894455775e+04 4.923689295797514796e-20
1.770373747494989948e+04 4.825119458196627546e-20
1.803773881095524121e+04 4.727301041297195352e-20
1.837174014696058657e+04 4.630318963721810229e-20
1.870574148296593194e+04 4.534253366133943155e-20
1.903974281897127366e+04 4.439179434754553149e-20
1.937374415497661903e+04 4.345167274862335739e-20
1.970774549098196439e+04 4.252281831290748052e-20
2.004174682698730612e+04 4.160582852630435367e-20
2.037574816299265149e+04 4.070124895625201728e-20
2.070974949899799685e+04 3.980957366107573271e-20
2.104375083500333858e+04 3.893124592749394141e-20
2.137775217100868394e+04 3.806665929896462261e-20
2.171175350701402931e+04 3.721615885805829585e-20
2.204575484301937104e+04 3.638004272702409868e-20
2.237975617902471640e+04 3.555856375209689358e-20
2.271375751503005813e+04 3.475193133880061071e-20
2.304775885103540350e+04 3.396031340746344946e-20
2.338176018704074522e+04 3.318383844030634826e-20
2.371576152304609423e+04 3.242259759373425814e-20
2.404976285905143595e+04 3.167664685179890534e-20
2.438376419505678132e+04 3.094600919915921736e-20
2.471776553106212305e+04 3.023067679420433959e-20
2.505176686706746841e+04 2.953061312528681208e-20
2.538576820307281014e+04 2.884575513521403146e-20
2.571976953907815914e+04 2.817601530124057789e-20
2.605377087508350087e+04 2.752128365977692759e-20
2.638777221108884623e+04 2.688142976686959643e-20
2.672177354709418796e+04 2.625630458720545211e-20
2.705577488309953333e+04 2.564574230594509394e-20
2.738977621910487505e+04 2.504956205909873658e-20
2.772377755511022406e+04 2.446756957941949475e-20
2.805777889111556578e+04 2.389955875591356092e-20
2.839178022712091115e+04 2.334531310605575170e-20
2.872578156312625288e+04 2.280460716066146791e-20
2.905978289913159460e+04 2.227720776210862007e-20
2.939378423513693997e+04 2.176287527723691507e-20
2.972778557114228170e+04 2.126136472678101047e-20
3.006178690714763070e+04 2.077242683363239010e-20
3.039578824315297243e+04 2.029580899257837657e-20
3.072978957915831779e+04 1.983125616444378623e-20
3.106379091516365952e+04 1.937851169777178412e-20
3.139779225116900489e+04 1.893731808133131175e-20
3.173179358717434661e+04 1.850741763083742314e-20
3.206579492317969562e+04 1.808855311332438461e-20
3.239979625918503734e+04 1.768046831262687014e-20
3.273379759519038271e+04 1.728290853940575541e-20
3.306779893119572080e+04 1.689562108910957960e-20
3.340180026720106980e+04 1.651835565119360013e-20
3.373580160320641153e+04 1.615086467283098860e-20
3.406980293921176053e+04 1.579290368024763669e-20
3.440380427521710226e+04 1.544423156069815209e-20
3.473780561122244399e+04 1.510461080797778956e-20
3.507180694722778571e+04 1.477380773423547990e-20
3.540580828323313472e+04 1.445159265072054967e-20
3.573980961923847644e+04 1.413774001996057527e-20
3.607381095524381817e+04 1.383202858173186550e-20
3.640781229124916717e+04 1.353424145504968021e-20
3.674181362725450890e+04 1.324416621827261448e-20
3.707581496325985063e+04 1.296159496928517396e-20
3.740981629926519236e+04 1.268632436759679037e-20
3.774381763527054136e+04 1.241815566007313479e-20
3.807781897127588309e+04 1.215689469189798729e-20
3.841182030728123209e+04 1.190235190425133580e-20
3.874582164328657382e+04 1.165434232008196135e-20
3.907982297929191554e+04 1.141268551925019002e-20
3.941382431529725727e+04 1.117720560421980723e-20
3.974782565130260627e+04 1.094773115738627070e-20
4.008182698730794800e+04 1.072409519104205706e-20
4.041582832331329701e+04 1.050613509089847134e-20
4.074982965931863873e+04 1.029369255400734117e-20
4.108383099532398046e+04 1.008661352185426319e-20
4.141783233132932219e+04 9.884748109328604917e-21
4.175183366733467119e+04 9.687950530213230916e-21
4.208583500334001292e+04 9.496079019779080749e-21
4.241983633934536192e+04 9.308995755015761213e-21
4.275383767535070365e+04 9.126566772979842991e-21
4.308783901135604538e+04 8.948661887696015041e-21
4.342184034736138710e+04 8.775154606003711096e-21
4.375584168336672883e+04 8.605922042702497541e-21
4.408984301937207056e+04 8.440844835313098343e-21
4.442384435537742684e+04 8.279807058737463632e-21
4.475784569138276856e+04 8.122696140070810703e-21
4.509184702738811029e+04 7.969402773790033865e-21
4.542584836339345202e+04 7.819820837517392568e-21
4.575984969939880102e+04 7.673847308534507236e-21
4.609385103540414275e+04 7.531382181200237647e-21
4.642785237140948448e+04 7.392328385406216270e-21
4.676185370741482620e+04 7.256591706185953439e-21
4.709585504342017521e+04 7.124080704577039829e-21
4.742985637942551693e+04 6.994706639821185629e-21
4.776385771543085866e+04 6.868383392973301660e-21
4.809785905143620039e+04 6.745027391978864346e-21
4.843186038744155667e+04 6.624557538267519439e-21
4.876586172344689840e+04 6.506895134901309181e-21
4.909986305945224012e+04 6.391963816306662381e-21
4.943386439545758185e+04 6.279689479611533498e-21
4.976786573146293085e+04 6.170000217601821494e-21
5.010186706746827258e+04 6.062826253304733052e-21
5.043586840347361431e+04 5.958099876201125176e-21
5.076986973947895603e+04 5.855755380063850261e-21
5.110387107548429776e+04 5.755729002414470624e-21
5.143787241148964677e+04 5.657958865586990047e-21
5.177187374749498849e+04 5.562384919383603402e-21
5.210587508350033022e+04 5.468948885304505802e-21
5.243987641950567195e+04 5.377594202331226821e-21
5.277387775551102823e+04 5.288265974240673510e-21
5.310787909151636995e+04 5.200910918425031717e-21
5.344188042752171168e+04 5.115477316191219443e-21
5.377588176352705341e+04 5.031914964512106197e-21
5.410988309953240241e+04 4.950175129200595845e-21
5.444388443553774414e+04 4.870210499476819607e-21
5.477788577154308587e+04 4.791975143897886116e-21
5.511188710754842759e+04 4.715424467619257062e-21
5.544588844355377660e+04 4.640515170956204533e-21
5.577988977955911832e+04 4.567205209213862620e-21
5.611389111556446005e+04 4.495453753753965280e-21
5.644789245156980178e+04 4.425221154266611481e-21
5.678189378757515806e+04 4.356468902215372321e-21
5.711589512358049979e+04 4.289159595424213550e-21
5.744989645958584151e+04 4.223256903775059764e-21
5.778389779559118324e+04 4.158725535985072535e-21
5.811789913159652497e+04 4.095531207433128541e-21
5.845190046760187397e+04 4.033640609005390727e-21
5.878590180360721570e+04 3.973021376930357578e-21
5.911990313961255742e+04 3.913642063574299925e-21
5.945390447561789915e+04 3.855472109168440094e-21
5.978790581162324816e+04 3.798481814439963199e-21
6.012190714762858988e+04 3.742642314119339355e-21
6.045590848363393161e+04 3.687925551297165312e-21
6.078990981963927334e+04 3.634304252604298260e-21
6.112391115564462962e+04 3.581751904189708311e-21
6.145791249164997134e+04 3.530242728471008051e-21
6.179191382765531307e+04 3.479751661633393966e-21
6.212591516366065480e+04 3.430254331853232543e-21
6.245991649966600380e+04 3.381727038223225031e-21
6.279391783567134553e+04 3.334146730356700250e-21
6.312791917167668726e+04 3.287490988649173117e-21
6.346192050768202898e+04 3.241738005175955825e-21
6.379592184368737799e+04 3.196866565205239444e-21
6.412992317969271971e+04 3.152856029306580138e-21
6.446392451569806144e+04 3.109686316035394177e-21
6.479792585170340317e+04 3.067337885174618073e-21
6.513192718770874490e+04 3.025791721515269508e-21
6.546592852371410117e+04 2.985029319158151726e-21
6.579992985971944290e+04 2.945032666319585087e-21
6.613393119572478463e+04 2.905784230624513994e-21
6.646793253173012636e+04 2.867266944870860294e-21
6.680193386773546808e+04 2.829464193249552454e-21
6.713593520374080981e+04 2.792359798005117227e-21
6.746993653974615154e+04 2.755938006522213681e-21
6.780393787575149327e+04 2.720183478823958120e-21
6.813793921175684955e+04 2.685081275468389519e-21
6.847194054776219127e+04 2.650616845829806470e-21
6.880594188376753300e+04 2.616776016752170096e-21
6.913994321977287473e+04 2.583544981562235330e-21
6.947394455577823101e+04 2.550910289430380996e-21
6.980794589178357273e+04 2.518858835067625640e-21
7.014194722778891446e+04 2.487377848747597770e-21
7.047594856379425619e+04 2.456454886642686207e-21
7.080994989979959792e+04 2.426077821463883259e-21
7.114395123580493964e+04 2.396234833394273150e-21
7.147795257181028137e+04 2.366914401306359649e-21
7.181195390781562310e+04 2.338105294253831933e-21
7.214595524382096482e+04 2.309796563228680355e-21
7.247995657982632110e+04 2.281977533174819729e-21
7.281395791583166283e+04 2.254637795249760375e-21
7.314795925183700456e+04 2.227767199326094290e-21
7.348196058784234629e+04 2.201355846724884736e-21
7.381596192384770256e+04 2.175394083173269800e-21
7.414996325985304429e+04 2.149872491978931693e-21
7.448396459585838602e+04 2.124781887414226082e-21
7.481796593186372775e+04 2.100113308303122016e-21
7.515196726786906947e+04 2.075858011804256422e-21
7.548596860387441120e+04 2.052007467383679553e-21
7.581996993987975293e+04 2.028553350971057283e-21
7.615397127588509466e+04 2.005487539293362534e-21
7.648797261189045093e+04 1.982802104380209924e-21
7.682197394789579266e+04 1.960489308235268791e-21
7.715597528390113439e+04 1.938541597668324710e-21
7.748997661990647612e+04 1.916951599282780876e-21
7.782397795591183240e+04 1.895712114613536988e-21
7.815797929191717412e+04 1.874816115410387570e-21
7.849198062792251585e+04 1.854256739062220814e-21
7.882598196392785758e+04 1.834027284157480353e-21
7.915998329993319931e+04 1.814121206176490791e-21
7.949398463593854103e+04 1.794532113311409951e-21
7.982798597194388276e+04 1.775253762409710716e-21
8.016198730794922449e+04 1.756280055037224376e-21
8.049598864395456621e+04 1.737605033656939890e-21
8.082998997995992249e+04 1.719222877919843747e-21
8.116399131596526422e+04 1.701127901064248356e-21
8.149799265197060595e+04 1.683314546420152092e-21
8.183199398797594768e+04 1.665777384015294262e-21
8.216599532398130395e+04 1.648511107279703145e-21
8.249999665998664568e+04 1.631510529845609359e-21
8.283399799599198741e+04 1.614770582439724111e-21
8.316799933199732914e+04 1.598286309864981595e-21
8.350200066800267086e+04 1.582052868068933571e-21
8.383600200400801259e+04 1.566065521296081952e-21
8.417000334001335432e+04 1.550319639321529078e-21
8.450400467601869605e+04 1.534810694763414326e-21
8.483800601202405232e+04 1.519534260471680736e-21
8.517200734802939405e+04 1.504486006990805255e-21
8.550600868403473578e+04 1.489661700094202339e-21
8.584001002004007751e+04 1.475057198388092512e-21
8.617401135604541923e+04 1.460668450982680663e-21
8.650801269205077551e+04 1.446491495228598360e-21
8.684201402805611724e+04 1.432522454516582678e-21
8.717601536406145897e+04 1.418757536138471632e-21
8.751001670006680069e+04 1.405193029207646719e-21
8.784401803607214242e+04 1.391825302637102883e-21
8.817801937207748415e+04 1.378650803173395849e-21
8.851202070808284043e+04 1.365666053484781433e-21
8.884602204408818216e+04 1.352867650301904345e-21
8.918002338009352388e+04 1.340252262609444947e-21
8.951402471609886561e+04 1.327816629887201293e-21
8.984802605210420734e+04 1.315557560399118542e-21
9.018202738810954907e+04 1.303471929528824318e-21
9.051602872411489079e+04 1.291556678160291766e-21
9.085003006012023252e+04 1.279808811102279899e-21
9.118403139612558880e+04 1.268225395555245401e-21
9.151803273213093053e+04 1.256803559619478175e-21
9.185203406813627225e+04 1.245540490843234722e-21
9.218603540414161398e+04 1.234433434809683912e-21
9.252003674014695571e+04 1.223479693761538530e-21
9.285403807615229744e+04 1.212676625262249399e-21
9.318803941215763916e+04 1.202021640892706209e-21
9.352204074816298089e+04 1.191512204982395370e-21
9.385604208416832262e+04 1.181145833374021089e-21
9.419004342017369345e+04 1.170920092220613352e-21
9.452404475617903518e+04 1.160832596814180339e-21
9.485804609218437690e+04 1.150881010444992905e-21
9.519204742818971863e+04 1.141063043290620926e-21
9.552604876419506036e+04 1.131376451333864410e-21
9.586005010020040208e+04 1.121819035308750349e-21
9.619405143620574381e+04 1.112388639673786926e-21
9.652805277221108554e+04 1.103083151611708099e-21
9.686205410821644182e+04 1.093900500054942895e-21
9.719605544422178355e+04 1.084838654736089628e-21
9.753005678022712527e+04 1.075895625262670567e-21
9.786405811623246700e+04 1.067069460215504070e-21
9.819805945223780873e+04 1.058358246270006195e-21
9.853206078824315045e+04 1.049760107339789649e-21
9.886606212424849218e+04 1.041273203741935472e-21
9.920006346025383391e+04 1.032895731383319229e-21
9.953406479625919019e+04 1.024625920967423727e-21
9.986806613226453192e+04 1.016462037221048608e-21
1.002020674682698736e+05 1.008402378140375735e-21
1.005360688042752154e+05 1.000445274255854711e-21
1.008700701402805571e+05 9.925890879153839742e-22
1.012040714762858988e+05 9.848322125852845615e-22
1.015380728122912406e+05 9.771730721685799621e-22
1.018720741482965823e+05 9.696101203401088660e-22
1.022060754843019240e+05 9.621418398980066229e-22
1.025400768203072948e+05 9.547667421311092904e-22
1.028740781563126366e+05 9.474833662018552104e-22
1.032080794923179783e+05 9.402902785442477724e-22
1.035420808283233200e+05 9.331860722764941762e-22
1.038760821643286617e+05 9.261693666279005906e-22
1.042100835003340035e+05 9.192388063796575168e-22
1.045440848363393452e+05 9.123930613191354383e-22
1.048780861723446869e+05 9.056308257073283278e-22
1.052120875083500432e+05 8.989508177590927388e-22
1.055460888443553849e+05 8.923517791358503357e-22
1.058800901803607267e+05 8.858324744504081710e-22
1.062140915163660684e+05 8.793916907835916467e-22
1.065480928523714101e+05 8.730282372123623375e-22
1.068820941883767518e+05 8.667409443491293419e-22
1.072160955243820936e+05 8.605286638919547377e-22
1.075500968603874353e+05 8.543902681853680165e-22
1.078840981963927770e+05 8.483246497915083161e-22
1.082180995323981333e+05 8.423307210713337758e-22
1.085521008684034750e+05 8.364074137756287774e-22
1.088861022044088168e+05 8.305536786455505583e-22
1.092201035404141585e+05 8.247684850224812258e-22
1.095541048764195002e+05 8.190508204669338049e-22
1.098881062124248419e+05 8.133996903862789145e-22
1.102221075484301837e+05 8.078141176710745561e-22
1.105561088844355254e+05 8.022931423397655177e-22
1.108901102204408962e+05 7.968358211915517103e-22
1.112241115564462380e+05 7.914412274672039751e-22
1.115581128924515797e+05 7.861084505176349557e-22
1.118921142284569214e+05 7.808365954800220989e-22
1.122261155644622631e+05 7.756247829612954559e-22
1.125601169004676049e+05 7.704721487288009841e-22
1.128941182364729466e+05 7.653778434079612369e-22
1.132281195724782883e+05 7.603410321867542972e-22
1.135621209084836446e+05 7.553608945268420593e-22
1.138961222444889863e+05 7.504366238811844181e-22
1.142301235804943281e+05 7.455674274179698133e-22
1.145641249164996698e+05 7.407525257507109114e-22
1.148981262525050115e+05 7.359911526743540238e-22
1.152321275885103532e+05 7.312825549072438021e-22
1.155661289245156950e+05 7.266259918388113699e-22
1.159001302605210367e+05 7.220207352828327915e-22
1.162341315965263784e+05 7.174660692361301749e-22
1.165681329325317347e+05 7.129612896425756644e-22
1.169021342685370764e+05 7.085057041622729679e-22
1.172361356045424182e+05 7.040986319457855179e-22
1.175701369405477599e+05 6.997394034132935263e-22
1.179041382765531016e+05 6.954273600385563664e-22
1.182381396125584433e+05 6.911618541375637668e-22
1.185721409485637851e+05 6.869422486617667312e-22
1.189061422845691268e+05 6.827679169957736441e-22
1.192401436205744976e+05 6.786382427594024765e-22
1.195741449565798393e+05 6.745526196139937353e-22
1.199081462925851811e+05 6.705104510728688640e-22
1.202421476285905228e+05 6.665111503158464501e-22
1.205761489645958645e+05 6.625541400077148645e-22
1.209101503006012063e+05 6.586388521205661640e-22
1.212441516366065480e+05 6.547647277599017332e-22
1.215781529726118897e+05 6.509312169944212660e-22
1.219121543086172314e+05 6.471377786894061282e-22
1.222461556446225877e+05 6.433838803436102058e-22
1.225801569806279294e+05 6.396689979295861130e-22
1.229141583166332712e+05 6.359926157373513081e-22
1.232481596526386129e+05 6.323542262213291374e-22
1.235821609886439546e+05 6.287533298504805462e-22
1.239161623246492964e+05 6.251894349615567749e-22
1.242501636606546381e+05 6.216620576153962085e-22
1.245841649966599798e+05 6.181707214562019050e-22
1.249181663326653361e+05 6.147149575737197722e-22
1.252521676686706778e+05 6.112943043682654852e-22
1.255861690046760195e+05 6.079083074185192701e-22
1.259201703406813613e+05 6.045565193520367376e-22
1.262541716766867030e+05 6.012384997184079644e-22
1.265881730126920447e+05 5.979538148650045431e-22
1.269221743486973864e+05 5.947020378152602450e-22
1.272561756847027282e+05 5.914827481494195640e-22
1.275901770207080990e+05 5.882955318877069310e-22
1.279241783567134407e+05 5.851399813758559462e-22
1.282581796927187825e+05 5.820156951729485976e-22
1.285921810287241242e+05 5.789222779415085144e-22
1.289261823647294659e+05 5.758593403398041494e-22
1.292601837007348076e+05 5.728264989163068775e-22
1.295941850367401494e+05 5.698233760062563326e-22
1.299281863727454911e+05 5.668495996302903827e-22
1.302621877087508328e+05 5.639048033950864231e-22
1.305961890447561891e+05 5.609886263959780637e-22
1.309301903807615308e+05 5.581007131214967125e-22
1.312641917167668580e+05 5.552407133597975235e-22
1.315981930527721997e+05 5.524082821069302118e-22
1.319321943887775415e+05 5.496030794769105387e-22
1.322661957247828832e+05 5.468247706135570127e-22
1.326001970607882249e+05 5.440730256040497373e-22
1.329341983967935666e+05 5.413475193941780201e-22
1.332681997327989375e+05 5.386479317052372483e-22
1.336022010688042792e+05 5.359739469525408932e-22
1.339362024048096209e+05 5.333252541655089935e-22
1.342702037408149627e+05 5.307015469093058464e-22
1.346042050768203044e+05 5.281025232079849642e-22
1.349382064128256461e+05 5.255278854691166590e-22
1.352722077488309878e+05 5.229773404098609203e-22
1.356062090848363296e+05 5.204505989844573758e-22
1.359402104208416713e+05 5.179473763131001714e-22
1.362742117568470421e+05 5.154673916121717233e-22
1.366082130928523839e+05 5.130103681258000770e-22
1.369422144288577256e+05 5.105760330587189953e-22
1.372762157648630673e+05 5.081641175103978630e-22
1.376102171008684090e+05 5.057743564104164873e-22
1.379442184368737508e+05 5.034064884550604366e-22
1.382782197728790925e+05 5.010602560451045697e-22
1.386122211088844342e+05 4.987354052247698026e-22
1.389462224448897759e+05 4.964316856218189756e-22
1.392802237808951177e+05 4.941488503887757410e-22
1.396142251169004594e+05 4.918866561452342161e-22
1.399482264529058011e+05 4.896448629212473628e-22
1.402822277889111429e+05 4.874232341017624984e-22
1.406162291249164846e+05 4.852215363720869152e-22
1.409502304609218263e+05 4.830395396643616982e-22
1.412842317969271680e+05 4.808770171050213597e-22
1.416182331329325389e+05 4.787337449632211400e-22
1.419522344689378806e+05 4.766095026002100650e-22
1.422862358049432223e+05 4.745040724196318908e-22
1.426202371409485640e+05 4.724172398187336250e-22
1.429542384769539058e+05 4.703487931404641319e-22
1.432882398129592475e+05 4.682985236264446722e-22
1.436222411489645892e+05 4.662662253707929457e-22
1.439562424849699310e+05 4.642516952747825819e-22
1.442902438209752727e+05 4.622547330023246296e-22
1.446242451569806435e+05 4.602751409362488532e-22
1.449582464929859852e+05 4.583127241353755253e-22
1.452922478289913270e+05 4.563672902923542059e-22
1.456262491649966687e+05 4.544386496922606686e-22
1.459602505010020104e+05 4.525266151719338238e-22
1.462942518370073522e+05 4.506310020800370283e-22
1.466282531730126939e+05 4.487516282378319334e-22
1.469622545090180356e+05 4.468883139006470963e-22
1.472962558450233773e+05 4.450408817200320460e-22
1.476302571810287191e+05 4.432091567065796887e-22
1.479642585170340608e+05 4.413929661934044503e-22
1.482982598530394025e+05 4.395921398002641201e-22
1.486322611890447442e+05 4.378065093983128880e-22
1.489662625250500860e+05 4.360359090754715626e-22
1.493002638610554277e+05 4.342801751024050974e-22
1.496342651970607694e+05 4.325391458990925659e-22
1.499682665330661112e+05 4.308126620019816866e-22
1.503022678690714820e+05 4.291005660317125691e-22
1.506362692050768237e+05 4.274027026614044753e-22
1.509702705410821654e+05 4.257189185854872575e-22
1.513042718770875072e+05 4.240490624890759692e-22
1.516382732130928489e+05 4.223929850178720498e-22
1.519722745490981906e+05 4.207505387485805989e-22
1.523062758851035323e+05 4.191215781598385201e-22
1.526402772211088741e+05 4.175059596036389587e-22
1.529742785571142449e+05 4.159035412772456853e-22
1.533082798931195866e+05 4.143141831955854825e-22
1.536422812291249284e+05 4.127377471641121871e-22
1.539762825651302701e+05 4.111740967521301151e-22
1.543102839011356118e+05 4.096230972665726387e-22
1.546442852371409535e+05 4.080846157262210086e-22
1.549782865731462953e+05 4.065585208363617776e-22
1.553122879091516370e+05 4.050446829638697999e-22
1.556462892451569787e+05 4.035429741127107876e-22
1.559802905811623204e+05 4.020532678998556664e-22
1.563142919171676622e+05 4.005754395315959635e-22
1.566482932531730039e+05 3.991093657802596621e-22
1.569822945891783456e+05 3.976549249613102209e-22
1.573162959251836874e+05 3.962119969108322832e-22
1.576502972611890291e+05 3.947804629633862104e-22
1.579842985971943708e+05 3.933602059302349166e-22
1.583182999331997125e+05 3.919511100779264563e-22
1.586523012692050834e+05 3.905530611072339141e-22
1.589863026052104251e+05 3.891659461324409844e-22
1.593203039412157668e+05 3.877896536609670341e-22
1.596543052772211086e+05 3.864240735733294373e-22
1.599883066132264503e+05 3.850690971034318992e-22
1.603223079492317920e+05 3.837246168191766040e-22
1.606563092852371337e+05 3.823905266033910202e-22
1.609903106212424755e+05 3.810667216350676218e-22
1.613243119572478463e+05 3.797530983709059467e-22
1.616583132932531880e+05 3.784495545271570868e-22
1.619923146292585297e+05 3.771559890617588540e-22
1.623263159652638715e+05 3.758723021567622802e-22
1.626603173012692132e+05 3.745983952010398608e-22
1.629943186372745549e+05 3.733341707732725780e-22
1.633283199732798967e+05 3.720795326252106256e-22
1.636623213092852384e+05 3.708343856652019596e-22
1.639963226452905801e+05 3.695986359419845815e-22
1.643303239812959218e+05 3.683721906287370553e-22
1.646643253173012636e+05 3.671549580073842002e-22
1.649983266533066053e+05 3.659468474531522230e-22
1.653323279893119470e+05 3.647477694193677426e-22
1.656663293253172887e+05 3.635576354224993424e-22
1.660003306613226305e+05 3.623763580274346912e-22
1.663343319973279722e+05 3.612038508329906952e-22
1.666683333333333139e+05 3.600400284576507071e-22
1.670023346693386848e+05 3.588848065255272902e-22
1.673363360053440265e+05 3.577381016525448937e-22
1.676703373413493682e+05 3.565998314328377368e-22
1.680043386773547099e+05 3.554699144253624803e-22
1.683383400133600517e+05 3.543482701407177372e-22
1.686723413493653934e+05 3.532348190281698127e-22
1.690063426853707351e+05 3.521294824628800644e-22
1.693403440213760769e+05 3.510321827333302161e-22
1.696743453573814477e+05 3.499428430289419577e-22
1.700083466933867894e+05 3.488613874278890429e-22
1.703423480293921311e+05 3.477877408850957275e-22
1.706763493653974729e+05 3.467218292204212173e-22
1.710103507014028146e+05 3.456635791070253302e-22
1.713443520374081563e+05 3.446129180599124104e-22
1.716783533734134980e+05 3.435697744246507204e-22
1.720123547094188398e+05 3.425340773662640194e-22
1.723463560454241815e+05 3.415057568582926481e-22
1.726803573814295232e+05 3.404847436720220975e-22
1.730143587174348650e+05 3.394709693658725268e-22
1.733483600534402067e+05 3.384643662749525216e-22
1.736823613894455484e+05 3.374648675007685337e-22
1.740163627254508901e+05 3.364724069010910856e-22
1.743503640614562319e+05 3.354869190799728019e-22
1.746843653974615736e+05 3.345083393779175143e-22
1.750183667334669153e+05 3.335366038621973862e-22
1.753523680694722862e+05 3.325716493173134934e-22
1.756863694054775988e+05 3.316134132356007092e-22
1.760203707414829696e+05 3.306618338079731785e-22
1.763543720774882822e+05 3.297168499148065253e-22
1.766883734134936531e+05 3.287784011169567466e-22
1.770223747494990239e+05 3.278464276469119375e-22
1.773563760855043365e+05 3.269208704000764704e-22
1.776903774215097073e+05 3.260016709261821287e-22
1.780243787575150200e+05 3.250887714208278379e-22
1.783583800935203908e+05 3.241821147171443300e-22
1.786923814295257034e+05 3.232816442775798827e-22
1.790263827655310743e+05 3.223873041858084043e-22
1.793603841015363869e+05 3.214990391387553973e-22
1.796943854375417577e+05 3.206167944387409072e-22
1.800283867735470994e+05 3.197405159857376227e-22
1.803623881095524412e+05 3.188701502697409767e-22
1.806963894455577829e+05 3.180056443632517193e-22
1.810303907815631246e+05 3.171469459138670117e-22
1.813643921175684663e+05 3.162940031369784432e-22
1.816983934535738081e+05 3.154467648085773481e-22
1.820323947895791498e+05 3.146051802581627656e-22
1.823663961255845206e+05 3.137691993617523738e-22
1.827003974615898333e+05 3.129387725349943748e-22
1.830343987975952041e+05 3.121138507263779807e-22
1.833684001336005167e+05 3.112943854105412298e-22
1.837024014696058875e+05 3.104803285816756172e-22
1.840364028056112002e+05 3.096716327470236831e-22
1.843704041416165710e+05 3.088682509204712994e-22
1.847044054776218836e+05 3.080701366162294809e-22
1.850384068136272545e+05 3.072772438426068990e-22
1.853724081496326253e+05 3.064895270958714971e-22
1.857064094856379379e+05 3.057069413541980108e-22
1.860404108216433087e+05 3.049294420717013945e-22
1.863744121576486214e+05 3.041569851725560102e-22
1.867084134936539922e+05 3.033895270451951752e-22
1.870424148296593048e+05 3.026270245365949202e-22
1.873764161656646756e+05 3.018694349466361310e-22
1.877104175016699883e+05 3.011167160225476574e-22
1.880444188376753591e+05 3.003688259534253119e-22
1.883784201736807008e+05 2.996257233648289218e-22
1.887124215096860426e+05 2.988873673134548477e-22
1.890464228456913843e+05 2.981537172818812413e-22
1.893804241816967260e+05 2.974247331733883478e-22
1.897144255177020677e+05 2.967003753068491015e-22
1.900484268537074095e+05 2.959806044116920856e-22
1.903824281897127512e+05 2.952653816229326239e-22
1.907164295257181220e+05 2.945546684762735551e-22
1.910504308617234346e+05 2.938484269032737160e-22
1.913844321977288055e+05 2.931466192265822053e-22
1.917184335337341181e+05 2.924492081552381460e-22
1.920524348697394889e+05 2.917561567800359930e-22
1.923864362057448016e+05 2.910674285689535189e-22
1.927204375417501724e+05 2.903829873626418649e-22
1.930544388777554850e+05 2.897027973699781755e-22
1.933884402137608558e+05 2.890268231636786068e-22
1.937224415497662267e+05 2.883550296759703911e-22
1.940564428857715393e+05 2.876873821943237114e-22
1.943904442217769101e+05 2.870238463572398105e-22
1.947244455577822227e+05 2.863643881500983932e-22
1.950584468937875936e+05 2.857089739010589123e-22
1.953924482297929062e+05 2.850575702770191719e-22
1.957264495657982770e+05 2.844101442796261700e-22
1.960604509018035897e+05 2.837666632413430826e-22
1.963944522378089605e+05 2.831270948215662763e-22
1.967284535738143022e+05 2.824914070027970526e-22
1.970624549098196439e+05 2.818595680868630450e-22
1.973964562458249857e+05 2.812315466911898794e-22
1.977304575818303274e+05 2.806073117451237114e-22
1.980644589178356691e+05 2.799868324863016754e-22
1.983984602538410109e+05 2.793700784570713759e-22
1.987324615898463526e+05 2.787570195009572573e-22
1.990664629258517234e+05 2.781476257591740411e-22
1.994004642618570360e+05 2.775418676671861945e-22
1.997344655978624069e+05 2.769397159513131971e-22
2.000684669338677195e+05 2.763411416253790055e-22
2.004024682698730903e+05 2.757461159874056231e-22
2.007364696058784029e+05 2.751546106163510562e-22
2.010704709418837738e+05 2.745665973688885533e-22
2.014044722778890864e+05 2.739820483762294322e-22
2.017384736138944572e+05 2.734009360409862968e-22
2.020724749498998281e+05 2.728232330340781484e-22
2.024064762859051407e+05 2.722489122916754171e-22
2.027404776219105115e+05 2.716779470121840193e-22
2.030744789579158241e+05 2.711103106532703698e-22
2.034084802939211950e+05 2.705459769289230689e-22
2.037424816299265076e+05 2.699849198065540393e-22
2.040764829659318784e+05 2.694271135041359624e-22
2.044104843019371910e+05 2.688725324873778004e-22
2.047444856379425619e+05 2.683211514669358184e-22
2.050784869739479036e+05 2.677729453956610467e-22
2.054124883099532453e+05 2.672278894658820554e-22
2.057464896459585871e+05 2.666859591067215825e-22
2.060804909819639288e+05 2.661471299814495091e-22
2.064144923179692705e+05 2.656113779848674782e-22
2.067484936539746122e+05 2.650786792407282146e-22
2.070824949899799540e+05 2.645490100991880406e-22
2.074164963259852957e+05 2.640223471342901892e-22
2.077504976619906374e+05 2.634986671414815964e-22
2.080844989979960083e+05 2.629779471351605374e-22
2.084185003340013209e+05 2.624601643462556726e-22
2.087525016700066917e+05 2.619452962198350454e-22
2.090865030060120043e+05 2.614333204127456890e-22
2.094205043420173752e+05 2.609242147912832796e-22
2.097545056780226878e+05 2.604179574288907537e-22
2.100885070140280586e+05 2.599145266038851841e-22
2.104225083500334295e+05 2.594139007972146073e-22
2.107565096860387421e+05 2.589160586902420290e-22
2.110905110220441129e+05 2.584209791625567001e-22
2.114245123580494255e+05 2.579286412898140758e-22
2.117585136940547964e+05 2.574390243416012115e-22
2.120925150300601090e+05 2.569521077793299012e-22
2.124265163660654798e+05 2.564678712541552057e-22
2.127605177020707924e+05 2.559862946049203595e-22
2.130945190380761633e+05 2.555073578561262691e-22
2.134285203740815050e+05 2.550310412159276710e-22
2.137625217100868467e+05 2.545573250741523767e-22
2.140965230460921885e+05 2.540861900003455795e-22
2.144305243820975302e+05 2.536176167418389871e-22
2.147645257181028719e+05 2.531515862218422425e-22
2.150985270541082136e+05 2.526880795375588881e-22
2.154325283901135554e+05 2.522270779583248530e-22
2.157665297261188971e+05 2.517685629237704974e-22
2.161005310621242388e+05 2.513125160420034391e-22
2.164345323981296096e+05 2.508589190878156892e-22
2.167685337341349223e+05 2.504077540009108194e-22
2.171025350701402931e+05 2.499590028841538382e-22
2.174365364061456057e+05 2.495126480018417097e-22
2.177705377421509766e+05 2.490686717779950787e-22
2.181045390781562892e+05 2.486270567946704483e-22
2.184385404141616600e+05 2.481877857902931882e-22
2.187725417501670308e+05 2.477508416580102907e-22
2.191065430861723435e+05 2.473162074440629695e-22
2.194405444221777143e+05 2.468838663461791008e-22
2.197745457581830269e+05 2.464538017119848007e-22
2.201085470941883978e+05 2.460259970374347177e-22
2.204425484301937104e+05 2.456004359652621196e-22
2.207765497661990812e+05 2.451771022834462370e-22
2.211105511022043938e+05 2.447559799236993078e-22
2.214445524382097647e+05 2.443370529599697972e-22
2.217785537742151064e+05 2.439203056069656003e-22
2.221125551102204481e+05 2.435057222186932788e-22
2.224465564462257898e+05 2.430932872870148362e-22
2.227805577822311316e+05 2.426829854402225953e-22
2.231145591182364733e+05 2.422748014416293574e-22
2.234485604542418150e+05 2.418687201881766170e-22
2.237825617902471568e+05 2.414647267090581990e-22
2.241165631262524985e+05 2.410628061643612931e-22
2.244505644622578402e+05 2.406629438437219703e-22
2.247845657982632110e+05 2.402651251649975797e-22
2.251185671342685237e+05 2.398693356729544268e-22
2.254525684702738945e+05 2.394755610379709208e-22
2.257865698062792071e+05 2.390837870547552044e-22
2.261205711422845779e+05 2.386939996410790053e-22
2.264545724782898906e+05 2.383061848365251707e-22
2.267885738142952614e+05 2.379203288012501534e-22
2.271225751503006322e+05 2.375364178147611691e-22
2.274565764863059449e+05 2.371544382747070826e-22
2.277905778223113157e+05 2.367743766956834470e-22
2.281245791583166283e+05 2.363962197080516498e-22
2.284585804943219991e+05 2.360199540567714113e-22
2.287925818303273118e+05 2.356455666002468255e-22
2.291265831663326826e+05 2.352730443091857545e-22
2.294605845023379952e+05 2.349023742654722472e-22
2.297945858383433660e+05 2.345335436610521236e-22
2.301285871743487078e+05 2.341665397968311136e-22
2.304625885103540495e+05 2.338013500815857848e-22
2.307965898463593912e+05 2.334379620308866958e-22
2.311305911823647330e+05 2.330763632660342445e-22
2.314645925183700747e+05 2.327165415130063185e-22
2.317985938543754164e+05 2.323584846014180771e-22
2.321325951903807581e+05 2.320021804634935341e-22
2.324665965263860999e+05 2.316476171330487558e-22
2.328005978623914416e+05 2.312947827444868600e-22
2.331345991983968124e+05 2.309436655318040651e-22
2.334686005344021250e+05 2.305942538276072119e-22
2.338026018704074959e+05 2.302465360621420531e-22
2.341366032064128085e+05 2.299005007623331092e-22
2.344706045424181793e+05 2.295561365508337283e-22
2.348046058784234920e+05 2.292134321450871950e-22
2.351386072144288628e+05 2.288723763563982313e-22
2.354726085504341754e+05 2.285329580890148411e-22
2.358066098864395462e+05 2.281951663392206875e-22
2.361406112224449171e+05 2.278589901944375328e-22
2.364746125584502297e+05 2.275244188323374104e-22
2.368086138944556005e+05 2.271914415199650015e-22
2.371426152304609132e+05 2.268600476128702136e-22
2.374766165664662840e+05 2.265302265542489417e-22
2.378106179024715966e+05 2.262019678740952074e-22
2.381446192384769674e+05 2.258752611883612448e-22
2.384786205744823092e+05 2.255500961981282127e-22
2.388126219104876509e+05 2.252264626887843360e-22
2.391466232464929926e+05 2.249043505292139558e-22
2.394806245824983343e+05 2.245837496709943843e-22
2.398146259185036761e+05 2.242646501476017881e-22
2.401486272545090178e+05 2.239470420736264282e-22
2.404826285905143595e+05 2.236309156439951877e-22
2.408166299265197013e+05 2.233162611332042096e-22
2.411506312625250430e+05 2.230030688945592449e-22
2.414846325985304138e+05 2.226913293594231954e-22
2.418186339345357264e+05 2.223810330364742825e-22
2.421526352705410973e+05 2.220721705109701880e-22
2.424866366065464099e+05 2.217647324440212222e-22
2.428206379425517807e+05 2.214587095718707336e-22
2.431546392785570933e+05 2.211540927051845457e-22
2.434886406145624642e+05 2.208508727283465068e-22
2.438226419505677768e+05 2.205490405987632560e-22
2.441566432865731476e+05 2.202485873461745837e-22
2.444906446225785185e+05 2.199495040719739491e-22
2.448246459585838311e+05 2.196517819485333232e-22
2.451586472945892019e+05 2.193554122185375299e-22
2.454926486305945145e+05 2.190603861943248406e-22
2.458266499665998854e+05 2.187666952572345280e-22
2.461606513026051980e+05 2.184743308569620838e-22
2.464946526386105688e+05 2.181832845109204548e-22
2.468286539746159106e+05 2.178935478036090383e-22
2.471626553106212523e+05 2.176051123859885533e-22
2.474966566466265940e+05 2.173179699748633423e-22
2.478306579826319357e+05 2.170321123522698321e-22
2.481646593186372775e+05 2.167475313648712479e-22
2.484986606546426192e+05 2.164642189233597101e-22
2.488326619906479609e+05 2.161821670018634562e-22
2.491666633266533026e+05 2.159013676373613972e-22
2.495006646626586444e+05 2.156218129291029407e-22
2.498346659986640152e+05 2.153434950380351962e-22
2.501686673346693278e+05 2.150664061862346471e-22
2.505026686706746987e+05 2.147905386563460634e-22
2.508366700066800113e+05 2.145158847910268694e-22
2.511706713426853821e+05 2.142424369923971531e-22
2.515046726786906947e+05 2.139701877214960710e-22
2.518386740146960656e+05 2.136991294977428599e-22
2.521726753507013782e+05 2.134292548984052789e-22
2.525066766867067490e+05 2.131605565580712007e-22
2.528406780227121199e+05 2.128930271681280090e-22
2.531746793587174325e+05 2.126266594762461800e-22
2.535086806947228033e+05 2.123614462858684131e-22
2.538426820307281159e+05 2.120973804557041676e-22
2.541766833667334868e+05 2.118344548992296080e-22
2.545106847027387994e+05 2.115726625841926972e-22
2.548446860387441702e+05 2.113119965321229446e-22
2.551786873747495119e+05 2.110524498178466326e-22
2.555126887107548537e+05 2.107940155690076846e-22
2.558466900467601954e+05 2.105366869655918961e-22
2.561806913827655371e+05 2.102804572394577943e-22
2.565146927187708789e+05 2.100253196738705079e-22
2.568486940547762206e+05 2.097712676030426894e-22
2.571826953907815623e+05 2.095182944116781881e-22
2.575166967267869040e+05 2.092663935345207312e-22
2.578506980627922458e+05 2.090155584559085990e-22
2.581846993987976166e+05 2.087657827093321928e-22
2.585187007348029292e+05 2.085170598769969857e-22
2.588527020708083000e+05 2.082693835893906353e-22
2.591867034068136127e+05 2.080227475248547982e-22
2.595207047428189835e+05 2.077771454091610582e-22
2.598547060788242961e+05 2.075325710150911109e-22
2.601887074148296670e+05 2.072890181620212495e-22
2.605227087508349796e+05 2.070464807155116236e-22
2.608567100868403504e+05 2.068049525868985310e-22
2.611907114228457212e+05 2.065644277328919281e-22
2.615247127588510339e+05 2.063249001551762793e-22
2.618587140948564047e+05 2.060863639000159200e-22
2.621927154308616882e+05 2.058488130578639929e-22
2.625267167668670882e+05 2.056122417629752639e-22
2.628607181028723717e+05 2.053766441930237339e-22
2.631947194388777716e+05 2.051420145687227187e-22
2.635287207748831133e+05 2.049083471534499370e-22
2.638627221108884551e+05 2.046756362528753489e-22
2.641967234468937968e+05 2.044438762145936965e-22
2.645307247828991385e+05 2.042130614277599122e-22
2.648647261189044802e+05 2.039831863227285008e-22
2.651987274549098220e+05 2.037542453706964008e-22
2.655327287909151637e+05 2.035262330833498661e-22
2.658667301269205054e+05 2.032991440125140975e-22
2.662007314629258472e+05 2.030729727498065430e-22
2.665347327989311889e+05 2.028477139262944058e-22
2.668687341349365306e+05 2.026233622121543617e-22
2.672027354709418723e+05 2.023999123163367676e-22
2.675367368069472141e+05 2.021773589862318686e-22
2.678707381429525558e+05 2.019556970073407762e-22
2.682047394789578975e+05 2.017349212029486819e-22
2.685387408149632392e+05 2.015150264338015952e-22
2.688727421509685810e+05 2.012960075977860224e-22
2.692067434869739227e+05 2.010778596296123347e-22
2.695407448229793226e+05 2.008605775005007941e-22
2.698747461589846062e+05 2.006441562178705407e-22
2.702087474949900061e+05 2.004285908250319898e-22
2.705427488309952896e+05 2.002138764008822611e-22
2.708767501670006895e+05 2.000000080596030295e-22
2.712107515030059731e+05 1.997869809503618320e-22
2.715447528390113730e+05 1.995747902570160551e-22
2.718787541750166565e+05 1.993634311978201186e-22
2.722127555110220565e+05 1.991528990251349174e-22
2.725467568470273982e+05 1.989431890251405069e-22
2.728807581830327399e+05 1.987342965175514923e-22
2.732147595190380816e+05 1.985262168553351451e-22
2.735487608550434234e+05 1.983189454244323408e-22
2.738827621910487651e+05 1.981124776434804478e-22
2.742167635270541068e+05 1.979068089635406598e-22
2.745507648630594485e+05 1.977019348678256806e-22
2.748847661990647903e+05 1.974978508714317588e-22
2.752187675350701320e+05 1.972945525210724377e-22
2.755527688710754737e+05 1.970920353948154568e-22
2.758867702070808155e+05 1.968902951018213919e-22
2.762207715430861572e+05 1.966893272820849293e-22
2.765547728790914989e+05 1.964891276061800180e-22
2.768887742150968406e+05 1.962896917750050699e-22
2.772227755511021824e+05 1.960910155195328149e-22
2.775567768871075241e+05 1.958930946005606487e-22
2.778907782231129240e+05 1.956959248084651430e-22
2.782247795591182075e+05 1.954995019629575429e-22
2.785587808951236075e+05 1.953038219128417320e-22
2.788927822311288910e+05 1.951088805357755839e-22
2.792267835671342909e+05 1.949146737380331600e-22
2.795607849031395745e+05 1.947211974542701270e-22
2.798947862391449744e+05 1.945284476472904221e-22
2.802287875751502579e+05 1.943364203078168197e-22
2.805627889111556578e+05 1.941451114542614276e-22
2.808967902471609996e+05 1.939545171325001573e-22
2.812307915831663413e+05 1.937646334156483919e-22
2.815647929191716830e+05 1.935754564038389360e-22
2.818987942551770248e+05 1.933869822240024325e-22
2.822327955911823665e+05 1.931992070296490978e-22
2.825667969271877082e+05 1.930121270006530410e-22
2.829007982631930499e+05 1.928257383430384894e-22
2.832347995991983917e+05 1.926400372887679641e-22
2.835688009352037334e+05 1.924550200955324071e-22
2.839028022712090751e+05 1.922706830465432363e-22
2.842368036072144168e+05 1.920870224503264700e-22
2.845708049432197586e+05 1.919040346405187074e-22
2.849048062792251003e+05 1.917217159756646146e-22
2.852388076152304420e+05 1.915400628390169970e-22
2.855728089512357838e+05 1.913590716383383516e-22
2.859068102872411255e+05 1.911787388057039489e-22
2.862408116232465254e+05 1.909990607973072176e-22
2.865748129592518089e+05 1.908200340932668224e-22
2.869088142952572089e+05 1.906416551974352000e-22
2.872428156312624924e+05 1.904639206372092334e-22
2.875768169672678923e+05 1.902868269633422672e-22
2.879108183032731758e+05 1.901103707497586850e-22
2.882448196392785758e+05 1.899345485933689572e-22
2.885788209752838593e+05 1.897593571138870159e-22
2.889128223112892592e+05 1.895847929536496995e-22
2.892468236472946010e+05 1.894108527774373718e-22
2.895808249832999427e+05 1.892375332722959052e-22
2.899148263193052844e+05 1.890648311473606626e-22
2.902488276553106261e+05 1.888927431336825000e-22
2.905828289913159679e+05 1.887212659840543112e-22
2.909168303273213096e+05 1.885503964728400871e-22
2.912508316633266513e+05 1.883801313958047043e-22
2.915848329993319931e+05 1.882104675699463697e-22
2.919188343353373348e+05 1.880414018333294424e-22
2.922528356713426765e+05 1.878729310449190645e-22
2.925868370073480182e+05 1.877050520844180734e-22
2.929208383433533600e+05 1.875377618521040781e-22
2.932548396793587017e+05 1.873710572686692158e-22
2.935888410153640434e+05 1.872049352750603555e-22
2.939228423513693851e+05 1.870393928323216283e-22
2.942568436873747269e+05 1.868744269214375464e-22
2.945908450233801268e+05 1.867100345431781666e-22
2.949248463593854103e+05 1.865462127179453122e-22
2.952588476953908103e+05 1.863829584856201587e-22
2.955928490313960938e+05 1.862202689054123942e-22
2.959268503674014937e+05 1.860581410557103434e-22
2.962608517034067772e+05 1.858965720339331148e-22
2.965948530394121772e+05 1.857355589563831225e-22
2.969288543754174607e+05 1.855750989581008189e-22
2.972628557114228606e+05 1.854151891927199676e-22
2.975968570474282023e+05 1.852558268323247038e-22
2.979308583834335441e+05 1.850970090673080041e-22
2.982648597194388858e+05 1.849387331062303455e-22
2.985988610554442275e+05 1.847809961756811380e-22
2.989328623914495693e+05 1.846237955201403220e-22
2.992668637274549110e+05 1.844671284018411410e-22
2.996008650634602527e+05 1.843109921006350536e-22
2.999348663994655944e+05 1.841553839138566931e-22
3.002688677354709362e+05 1.840003011561910128e-22
3.006028690714762779e+05 1.838457411595408080e-22
3.009368704074816196e+05 1.836917012728958599e-22
3.012708717434869613e+05 1.835381788622030434e-22
3.016048730794923031e+05 1.833851713102376575e-22
3.019388744154976448e+05 1.832326760164759313e-22
3.022728757515029865e+05 1.830806903969680236e-22
3.026068770875083283e+05 1.829292118842136788e-22
3.029408784235137282e+05 1.827782379270368962e-22
3.032748797595190117e+05 1.826277659904634194e-22
3.036088810955244116e+05 1.824777935555982034e-22
3.039428824315296952e+05 1.823283181195045260e-22
3.042768837675350951e+05 1.821793371950840413e-22
3.046108851035403786e+05 1.820308483109574190e-22
3.049448864395457786e+05 1.818828490113471484e-22
3.052788877755510621e+05 1.817353368559596124e-22
3.056128891115564620e+05 1.815883094198699598e-22
3.059468904475618037e+05 1.814417642934067185e-22
3.062808917835671455e+05 1.812956990820381725e-22
3.066148931195724872e+05 1.811501114062590206e-22
3.069488944555778289e+05 1.810049989014789395e-22
3.072828957915831706e+05 1.808603592179108179e-22
3.076168971275885124e+05 1.807161900204612708e-22
3.079508984635938541e+05 1.805724889886213188e-22
3.082848997995991958e+05 1.804292538163581248e-22
3.086189011356045376e+05 1.802864822120078361e-22
3.089529024716098793e+05 1.801441718981689199e-22
3.092869038076152210e+05 1.800023206115972387e-22
3.096209051436205627e+05 1.798609261031008673e-22
3.099549064796259045e+05 1.797199861374369077e-22
3.102889078156312462e+05 1.795794984932082569e-22
3.106229091516365879e+05 1.794394609627623976e-22
3.109569104876419296e+05 1.792998713520893409e-22
3.112909118236473296e+05 1.791607274807222744e-22
3.116249131596526131e+05 1.790220271816378559e-22
3.119589144956580130e+05 1.788837683011577076e-22
3.122929158316632966e+05 1.787459486988507088e-22
3.126269171676686965e+05 1.786085662474360409e-22
3.129609185036739800e+05 1.784716188326877144e-22
3.132949198396793799e+05 1.783351043533384596e-22
3.136289211756846635e+05 1.781990207209858053e-22
3.139629225116900634e+05 1.780633658599984386e-22
3.142969238476954051e+05 1.779281377074232940e-22
3.146309251837007469e+05 1.777933342128932299e-22
3.149649265197060886e+05 1.776589533385359983e-22
3.152989278557114303e+05 1.775249930588837086e-22
3.156329291917167720e+05 1.773914513607828075e-22
3.159669305277221138e+05 1.772583262433050480e-22
3.163009318637274555e+05 1.771256157176593971e-22
3.166349331997327972e+05 1.769933178071044382e-22
3.169689345357381389e+05 1.768614305468612438e-22
3.173029358717434807e+05 1.767299519840274461e-22
3.176369372077488224e+05 1.765988801774920145e-22
3.179709385437541641e+05 1.764682131978503138e-22
3.183049398797595059e+05 1.763379491273199155e-22
3.186389412157648476e+05 1.762080860596576079e-22
3.189729425517701893e+05 1.760786221000770176e-22
3.193069438877755310e+05 1.759495553651660187e-22
3.196409452237809310e+05 1.758208839828056481e-22
3.199749465597862145e+05 1.756926060920901476e-22
3.203089478957916144e+05 1.755647198432462547e-22
3.206429492317968979e+05 1.754372233975541861e-22
3.209769505678022979e+05 1.753101149272689967e-22
3.213109519038075814e+05 1.751833926155428800e-22
3.216449532398129813e+05 1.750570546563474672e-22
3.219789545758182649e+05 1.749310992543971386e-22
3.223129559118236648e+05 1.748055246250731099e-22
3.226469572478290065e+05 1.746803289943479887e-22
3.229809585838343482e+05 1.745555105987108256e-22
3.233149599198396900e+05 1.744310676850925168e-22
3.236489612558450317e+05 1.743069985107931588e-22
3.239829625918503734e+05 1.741833013434079687e-22
3.243169639278557152e+05 1.740599744607553909e-22
3.246509652638610569e+05 1.739370161508050159e-22
3.249849665998663986e+05 1.738144247116064627e-22
3.253189679358717403e+05 1.736921984512188258e-22
3.256529692718770821e+05 1.735703356876399106e-22
3.259869706078824238e+05 1.734488347487375136e-22
3.263209719438877655e+05 1.733276939721797627e-22
3.266549732798931072e+05 1.732069117053671035e-22
3.269889746158984490e+05 1.730864863053639790e-22
3.273229759519037907e+05 1.729664161388321324e-22
3.276569772879091324e+05 1.728466995819630162e-22
3.279909786239144742e+05 1.727273350204121758e-22
3.283249799599198159e+05 1.726083208492329051e-22
3.286589812959252158e+05 1.724896554728118757e-22
3.289929826319304993e+05 1.723713373048035921e-22
3.293269839679358993e+05 1.722533647680665384e-22
3.296609853039411828e+05 1.721357362945998427e-22
3.299949866399465827e+05 1.720184503254795656e-22
3.303289879759518662e+05 1.719015053107964455e-22
3.306629893119572662e+05 1.717848997095934334e-22
3.309969906479626079e+05 1.716686319898045432e-22
3.313309919839679496e+05 1.715527006281930915e-22
3.316649933199732914e+05 1.714371041102913477e-22
3.319989946559786331e+05 1.713218409303402312e-22
3.323329959919839748e+05 1.712069095912297135e-22
3.326669973279893165e+05 1.710923086044394090e-22
3.330009986639946583e+05 1.709780364899798004e-22
3.333350000000000000e+05 1.708640917763340515e-22
