5.000000000000000000e-01 0.000000000000000000e+00
5.095095095095094617e-01 0.000000000000000000e+00
5.190190190190190345e-01 0.000000000000000000e+00
5.285285285285284962e-01 0.000000000000000000e+00
5.380380380380380689e-01 0.000000000000000000e+00
5.475475475475475307e-01 0.000000000000000000e+00
5.570570570570571034e-01 0.000000000000000000e+00
5.665665665665665651e-01 0.000000000000000000e+00
5.760760760760761379e-01 0.000000000000000000e+00
5.855855855855855996e-01 0.000000000000000000e+00
5.950950950950950613e-01 0.000000000000000000e+00
6.046046046046046341e-01 0.000000000000000000e+00
6.141141141141140958e-01 0.000000000000000000e+00
6.236236236236236685e-01 0.000000000000000000e+00
6.331331331331331302e-01 0.000000000000000000e+00
6.426426426426425920e-01 0.000000000000000000e+00
6.521521521521521647e-01 0.000000000000000000e+00
6.616616616616617375e-01 0.000000000000000000e+00
6.711711711711711992e-01 0.000000000000000000e+00
6.806806806806806609e-01 0.000000000000000000e+00
6.901901901901902336e-01 0.000000000000000000e+00
6.996996996996996954e-01 0.000000000000000000e+00
7.092092092092092681e-01 0.000000000000000000e+00
7.187187187187187298e-01 0.000000000000000000e+00
7.282282282282281916e-01 0.000000000000000000e+00
7.377377377377377643e-01 0.000000000000000000e+00
7.472472472472473370e-01 0.000000000000000000e+00
7.567567567567567988e-01 0.000000000000000000e+00
7.662662662662662605e-01 5.703705180927650287e-23
7.757757757757757222e-01 1.392510731433648568e-22
7.852852852852852950e-01 2.376704733947983641e-22
7.947947947947948677e-01 3.458345086567192465e-22
8.043043043043043294e-01 4.598031483124394025e-22
8.138138138138137911e-01 5.779480546393363640e-22
8.233233233233233639e-01 6.993593172704243421e-22
8.328328328328329366e-01 8.214580047607071337e-22
8.423423423423423984e-01 9.438235181634684044e-22
8.518518518518518601e-01 1.065804235243149606e-21
8.613613613613613218e-01 1.185928123293137489e-21
8.708708708708708945e-01 1.304860474968689853e-21
8.803803803803804673e-01 1.421152054867775106e-21
8.898898898898899290e-01 1.535337172982593165e-21
8.993993993993993907e-01 1.646957761445284419e-21
9.089089089089089635e-01 1.755126172360714618e-21
9.184184184184184252e-01 1.862179967253321644e-21
9.279279279279279979e-01 1.963156217595454363e-21
9.374374374374374597e-01 2.063081310375986501e-21
9.469469469469469214e-01 2.158203865046110866e-21
9.564564564564564941e-01 2.251710895531754789e-21
9.659659659659660669e-01 2.341209852630187965e-21
9.754754754754755286e-01 2.428506713527845186e-21
9.849849849849849903e-01 2.511140693803385333e-21
9.944944944944945631e-01 2.591975213231061623e-21
1.004004004004003914e+00 2.668080159910169536e-21
1.013513513513513598e+00 2.743207445420735691e-21
1.023023023023023059e+00 2.812660256019743866e-21
1.032532532532532521e+00 2.882113066618752042e-21
1.042042042042042205e+00 2.946115510959120427e-21
1.051551551551551444e+00 3.009705421962107743e-21
1.061061061061061128e+00 3.069352433909076716e-21
1.070570570570570590e+00 3.126561724590336795e-21
1.080080080080080052e+00 3.182535113113108691e-21
1.089589589589589735e+00 3.233737692885653116e-21
1.099099099099099197e+00 3.284940272658196413e-21
1.108608608608608659e+00 3.331748515305089708e-21
1.118118118118118121e+00 3.376548615436374703e-21
1.127627627627627582e+00 3.421073150633826653e-21
1.137137137137137266e+00 3.460617043160256155e-21
1.146646646646646728e+00 3.500160935686684152e-21
1.156156156156156189e+00 3.537942758578027520e-21
1.165665665665665873e+00 3.571533629752479418e-21
1.175175175175175113e+00 3.605124500926929812e-21
1.184684684684684797e+00 3.636864076370603118e-21
1.194194194194194258e+00 3.665920864478351981e-21
1.203703703703703720e+00 3.694977652586100845e-21
1.213213213213213404e+00 3.722075946891045211e-21
1.222722722722722644e+00 3.745975469577072363e-21
1.232232232232232327e+00 3.769874992263099514e-21
1.241741741741741789e+00 3.792824515183896526e-21
1.251251251251251251e+00 3.811968677130084277e-21
1.260760760760760935e+00 3.831112839076273534e-21
1.270270270270270174e+00 3.850257001022461286e-21
1.279779779779779858e+00 3.865903102429242992e-21
1.289289289289289320e+00 3.880964173585346145e-21
1.298798798798798781e+00 3.896025244741449298e-21
1.308308308308308465e+00 3.909823964637056948e-21
1.317817817817817927e+00 3.921147092153546922e-21
1.327327327327327389e+00 3.932470219670036144e-21
1.336836836836836850e+00 3.943793347186526118e-21
1.346346346346346312e+00 3.952655137587686936e-21
1.355855855855855996e+00 3.960061995436819311e-21
1.365365365365365458e+00 3.967468853285951686e-21
1.374874874874874919e+00 3.974875711135084062e-21
1.384384384384384603e+00 3.980101601547116887e-21
1.393893893893893843e+00 3.984450455643066405e-21
1.403403403403403527e+00 3.988799309739015170e-21
1.412912912912912988e+00 3.993148163834964688e-21
1.422422422422422450e+00 3.995786098237510463e-21
1.431931931931932134e+00 3.997155181934383237e-21
1.441441441441441373e+00 3.998524265631255258e-21
1.450950950950951057e+00 3.999893349328128031e-21
1.460460460460460519e+00 4.000752563147855466e-21
1.469969969969969981e+00 3.999461712805090310e-21
1.479479479479479664e+00 3.998170862462324402e-21
1.488988988988989126e+00 3.996880012119559246e-21
1.498498498498498588e+00 3.995589161776793337e-21
1.508008008008008050e+00 3.993018761696076220e-21
1.517517517517517511e+00 3.989374007787090745e-21
1.527027027027027195e+00 3.985729253878104519e-21
1.536536536536536657e+00 3.982084499969118292e-21
1.546046046046046119e+00 3.978439746060132817e-21
1.555555555555555580e+00 3.973662791151314114e-21
1.565065065065065042e+00 3.968146572693101283e-21
1.574574574574574726e+00 3.962630354234888452e-21
1.584084084084084187e+00 3.957114135776676374e-21
1.593593593593593649e+00 3.951597917318463543e-21
1.603103103103103111e+00 3.945457424135892385e-21
1.612612612612612795e+00 3.938146056998390746e-21
1.622122122122122256e+00 3.930834689860889108e-21
1.631631631631631718e+00 3.923523322723387470e-21
1.641141141141141180e+00 3.916211955585885832e-21
1.650650650650650642e+00 3.908900588448384194e-21
1.660160160160160325e+00 3.900456831750453406e-21
1.669669669669669787e+00 3.891615312245858447e-21
1.679179179179179249e+00 3.882773792741263487e-21
1.688688688688688710e+00 3.873932273236668528e-21
1.698198198198198394e+00 3.865090753732073569e-21
1.707707707707707856e+00 3.856249234227478610e-21
1.717217217217217318e+00 3.846686294824633053e-21
1.726726726726726779e+00 3.836877212808214420e-21
1.736236236236236241e+00 3.827068130791795788e-21
1.745745745745745925e+00 3.817259048775377155e-21
1.755255255255255387e+00 3.807449966758958523e-21
1.764764764764764848e+00 3.797640884742539891e-21
1.774274274274274310e+00 3.787535271946793030e-21
1.783783783783783994e+00 3.776808098510118555e-21
1.793293293293293456e+00 3.766080925073444081e-21
1.802802802802802917e+00 3.755353751636769606e-21
1.812312312312312379e+00 3.744626578200095132e-21
1.821821821821821841e+00 3.733899404763421409e-21
1.831331331331331524e+00 3.723172231326746935e-21
1.840840840840840986e+00 3.712141688193561607e-21
1.850350350350350448e+00 3.700700060155409819e-21
1.859859859859859910e+00 3.689258432117258031e-21
1.869369369369369593e+00 3.677816804079106243e-21
1.878878878878879055e+00 3.666375176040954455e-21
1.888388388388388517e+00 3.654933548002802667e-21
1.897897897897897979e+00 3.643491919964650879e-21
1.907407407407407440e+00 3.632050291926499091e-21
1.916916916916917124e+00 3.620211580276611965e-21
1.926426426426426586e+00 3.608371115531248073e-21
1.935935935935936048e+00 3.596530650785883429e-21
1.945445445445445509e+00 3.584690186040519537e-21
1.954954954954954971e+00 3.572849721295155646e-21
1.964464464464464655e+00 3.561009256549791002e-21
1.973973973973974116e+00 3.549168791804427110e-21
1.983483483483483578e+00 3.537328327059062466e-21
1.992992992992993040e+00 3.525254823089280130e-21
2.002502502502502502e+00 3.513174672822754862e-21
2.012012012012012185e+00 3.501094522556229593e-21
2.021521521521521869e+00 3.489014372289704325e-21
2.031031031031031109e+00 3.476934222023179056e-21
2.040540540540540349e+00 3.464854071756654540e-21
2.050050050050050032e+00 3.452773921490129271e-21
2.059559559559559716e+00 3.440693771223604003e-21
2.069069069069069400e+00 3.428587819973893943e-21
2.078578578578578639e+00 3.416415630467243615e-21
2.088088088088088323e+00 3.404243440960591782e-21
2.097597597597597563e+00 3.392071251453940701e-21
2.107107107107107247e+00 3.379899061947289620e-21
2.116616616616616930e+00 3.367726872440638163e-21
2.126126126126126170e+00 3.355554682933987082e-21
2.135635635635635854e+00 3.343382493427335626e-21
2.145145145145145094e+00 3.331210303920684921e-21
2.154654654654654777e+00 3.319038114414033464e-21
2.164164164164164461e+00 3.307064200289628881e-21
2.173673673673673701e+00 3.295130162316803697e-21
2.183183183183183385e+00 3.283196124343978136e-21
2.192692692692692624e+00 3.271262086371152952e-21
2.202202202202202308e+00 3.259328048398327391e-21
2.211711711711711992e+00 3.247394010425501455e-21
2.221221221221221676e+00 3.235459972452675894e-21
2.230730730730730915e+00 3.223525934479850710e-21
2.240240240240240155e+00 3.211591896507025526e-21
2.249749749749749839e+00 3.199657858534199965e-21
2.259259259259259522e+00 3.187850275926521709e-21
2.268768768768769206e+00 3.176156690468525077e-21
2.278278278278278446e+00 3.164463105010528822e-21
2.287787787787787686e+00 3.152769519552532566e-21
2.297297297297297369e+00 3.141075934094535935e-21
2.306806806806807053e+00 3.129382348636539304e-21
2.316316316316316737e+00 3.117688763178542296e-21
2.325825825825825977e+00 3.105995177720546041e-21
2.335335335335335216e+00 3.094301592262550161e-21
2.344844844844844900e+00 3.082608006804553154e-21
2.354354354354354584e+00 3.070914421346556522e-21
2.363863863863864268e+00 3.059339505430508452e-21
2.373373373373373507e+00 3.048145232850195443e-21
2.382882882882882747e+00 3.036950960269882434e-21
2.392392392392392431e+00 3.025756687689568672e-21
2.401901901901902114e+00 3.014562415109254910e-21
2.411411411411411798e+00 3.003368142528941525e-21
2.420920920920921038e+00 2.992173869948628516e-21
2.430430430430430278e+00 2.980979597368315130e-21
2.439939939939939961e+00 2.969785324788001745e-21
2.449449449449449645e+00 2.958591052207687983e-21
2.458958958958959329e+00 2.947396779627374598e-21
2.468468468468468568e+00 2.936202507047061589e-21
2.477977977977978252e+00 2.925008234466747827e-21
2.487487487487487492e+00 2.914270274159975847e-21
2.496996996996997176e+00 2.903632071988756224e-21
2.506506506506506859e+00 2.892993869817536601e-21
2.516016016016016099e+00 2.882355667646317730e-21
2.525525525525525783e+00 2.871717465475098107e-21
2.535035035035035023e+00 2.861079263303878860e-21
2.544544544544544706e+00 2.850441061132659237e-21
2.554054054054054390e+00 2.839802858961439614e-21
2.563563563563563630e+00 2.829164656790220743e-21
2.573073073073073314e+00 2.818526454619001120e-21
2.582582582582582553e+00 2.807888252447781873e-21
2.592092092092092237e+00 2.797250050276562250e-21
2.601601601601601921e+00 2.786611848105342627e-21
2.611111111111111160e+00 2.776031993459786351e-21
2.620620620620620844e+00 2.765998565795560769e-21
2.630130130130130084e+00 2.755965138131335564e-21
2.639639639639639768e+00 2.745931710467109982e-21
2.649149149149149451e+00 2.735898282802884400e-21
2.658658658658658691e+00 2.725864855138659194e-21
2.668168168168168375e+00 2.715831427474433612e-21
2.677677677677678059e+00 2.705797999810208031e-21
2.687187187187187298e+00 2.695764572145982825e-21
2.696696696696696982e+00 2.685731144481757243e-21
2.706206206206206222e+00 2.675697716817532037e-21
2.715715715715715906e+00 2.665664289153306456e-21
2.725225225225225589e+00 2.655630861489080874e-21
2.734734734734734829e+00 2.645597433824855668e-21
2.744244244244244513e+00 2.635564006160630086e-21
2.753753753753753752e+00 2.625530578496404881e-21
2.763263263263263436e+00 2.616093842001850795e-21
2.772772772772773120e+00 2.606764514524588504e-21
2.782282282282282360e+00 2.597435187047326590e-21
2.791791791791792043e+00 2.588105859570064299e-21
2.801301301301301283e+00 2.578776532092802008e-21
2.810810810810810967e+00 2.569447204615539717e-21
2.820320320320320651e+00 2.560117877138277427e-21
2.829829829829829890e+00 2.550788549661015512e-21
2.839339339339339574e+00 2.541459222183752845e-21
2.848848848848849258e+00 2.532129894706490555e-21
2.858358358358358497e+00 2.522800567229228640e-21
2.867867867867868181e+00 2.513471239751966349e-21
2.877377377377377421e+00 2.504141912274704435e-21
2.886886886886887105e+00 2.494812584797441768e-21
2.896396396396396788e+00 2.485483257320179477e-21
2.905905905905906028e+00 2.476153929842917563e-21
2.915415415415415712e+00 2.466824602365655272e-21
2.924924924924924952e+00 2.458161312686558086e-21
2.934434434434434635e+00 2.449659954873594893e-21
2.943943943943944319e+00 2.441158597060631701e-21
2.953453453453453559e+00 2.432657239247669261e-21
2.962962962962963243e+00 2.424155881434706068e-21
2.972472472472472482e+00 2.415654523621743252e-21
2.981981981981982166e+00 2.407153165808780059e-21
2.991491491491491850e+00 2.398651807995817243e-21
3.001001001001001089e+00 2.390150450182854427e-21
3.010510510510510773e+00 2.381649092369891234e-21
3.020020020020020013e+00 2.373147734556928418e-21
3.029529529529529697e+00 2.364646376743965602e-21
3.039039039039039380e+00 2.356145018931002409e-21
3.048548548548548620e+00 2.347643661118039593e-21
3.058058058058058304e+00 2.339142303305076400e-21
3.067567567567567988e+00 2.330640945492113208e-21
3.077077077077077227e+00 2.322139587679150768e-21
3.086586586586586911e+00 2.313638229866187575e-21
3.096096096096096151e+00 2.305136872053224759e-21
3.105605605605605835e+00 2.297150473898179620e-21
3.115115115115115518e+00 2.289465197347666400e-21
3.124624624624624758e+00 2.281779920797153179e-21
3.134134134134134442e+00 2.274094644246639958e-21
3.143643643643643681e+00 2.266409367696127114e-21
3.153153153153153365e+00 2.258724091145613517e-21
3.162662662662663049e+00 2.251038814595100296e-21
3.172172172172172289e+00 2.243353538044587076e-21
3.181681681681681972e+00 2.235668261494073855e-21
3.191191191191191212e+00 2.227982984943561011e-21
3.200700700700700896e+00 2.220297708393047414e-21
3.210210210210210580e+00 2.212612431842534193e-21
3.219719719719719819e+00 2.204927155292021349e-21
3.229229229229229503e+00 2.197241878741507752e-21
3.238738738738739187e+00 2.189556602190994532e-21
3.248248248248248427e+00 2.181871325640481687e-21
3.257757757757758110e+00 2.174186049089968090e-21
3.267267267267267350e+00 2.166500772539455246e-21
3.276776776776777034e+00 2.158815495988942025e-21
3.286286286286286717e+00 2.151130219438428429e-21
3.295795795795795957e+00 2.143444942887915584e-21
3.305305305305305641e+00 2.135759666337402364e-21
3.314814814814814881e+00 2.128831230423950766e-21
3.324324324324324564e+00 2.121985811939586146e-21
3.333833833833834248e+00 2.115140393455221903e-21
3.343343343343343488e+00 2.108294974970857659e-21
3.352852852852853172e+00 2.101449556486493039e-21
3.362362362362362411e+00 2.094604138002128796e-21
3.371871871871872095e+00 2.087758719517764552e-21
3.381381381381381779e+00 2.080913301033399932e-21
3.390890890890891018e+00 2.074067882549035689e-21
3.400400400400400702e+00 2.067222464064671445e-21
3.409909909909909942e+00 2.060377045580307201e-21
3.419419419419419626e+00 2.053531627095942582e-21
3.428928928928929309e+00 2.046686208611578338e-21
3.438438438438438549e+00 2.039840790127214094e-21
3.447947947947948233e+00 2.032995371642849475e-21
3.457457457457457917e+00 2.026149953158485231e-21
3.466966966966967156e+00 2.019304534674120987e-21
3.476476476476476840e+00 2.012459116189756368e-21
3.485985985985986080e+00 2.005613697705392124e-21
3.495495495495495764e+00 1.998768279221027880e-21
3.505005005005005447e+00 1.991922860736663261e-21
3.514514514514514687e+00 1.985077442252299017e-21
3.524024024024024371e+00 1.978232023767934773e-21
3.533533533533533610e+00 1.971386605283570530e-21
3.543043043043043294e+00 1.964595344749574305e-21
3.552552552552552978e+00 1.958557954094148667e-21
3.562062062062062218e+00 1.952520563438723029e-21
3.571571571571571901e+00 1.946483172783297392e-21
3.581081081081081141e+00 1.940445782127872130e-21
3.590590590590590825e+00 1.934408391472446116e-21
3.600100100100100509e+00 1.928371000817020479e-21
3.609609609609609748e+00 1.922333610161595217e-21
3.619119119119119432e+00 1.916296219506169579e-21
3.628628628628628672e+00 1.910258828850743942e-21
3.638138138138138356e+00 1.904221438195318304e-21
3.647647647647648039e+00 1.898184047539892666e-21
3.657157157157157279e+00 1.892146656884467029e-21
3.666666666666666963e+00 1.886109266229041391e-21
3.676176176176176646e+00 1.880071875573615753e-21
3.685685685685685886e+00 1.874034484918190116e-21
3.695195195195195570e+00 1.867997094262764478e-21
3.704704704704704810e+00 1.861959703607339216e-21
3.714214214214214493e+00 1.855922312951913203e-21
3.723723723723724177e+00 1.849884922296487565e-21
3.733233233233233417e+00 1.843847531641062303e-21
3.742742742742743101e+00 1.837810140985636666e-21
3.752252252252252340e+00 1.831772750330211028e-21
3.761761761761762024e+00 1.825735359674785390e-21
3.771271271271271708e+00 1.819697969019359753e-21
3.780780780780780947e+00 1.813660578363934115e-21
3.790290290290290631e+00 1.807623187708508477e-21
3.799799799799799871e+00 1.801585797053082840e-21
3.809309309309309555e+00 1.795548406397657202e-21
3.818818818818819238e+00 1.789866584921912743e-21
3.828328328328328478e+00 1.784691678645833948e-21
3.837837837837838162e+00 1.779516772369754776e-21
3.847347347347347402e+00 1.774341866093675604e-21
3.856856856856857085e+00 1.769166959817596432e-21
3.866366366366366769e+00 1.763992053541517261e-21
3.875875875875876009e+00 1.758817147265438465e-21
3.885385385385385693e+00 1.753642240989359293e-21
3.894894894894895376e+00 1.748467334713279745e-21
3.904404404404404616e+00 1.743292428437200950e-21
3.913913913913914300e+00 1.738117522161121778e-21
3.923423423423423539e+00 1.732942615885042606e-21
3.932932932932933223e+00 1.727767709608963434e-21
3.942442442442442907e+00 1.722592803332884263e-21
3.951951951951952147e+00 1.717417897056805467e-21
3.961461461461461830e+00 1.712242990780726295e-21
3.970970970970971070e+00 1.707068084504647124e-21
3.980480480480480754e+00 1.701893178228567952e-21
3.989989989989990438e+00 1.696718271952488780e-21
3.999499499499499677e+00 1.691543365676409796e-21
4.009009009009009361e+00 1.686368459400330625e-21
4.018518518518519045e+00 1.681193553124251453e-21
4.028028028028028729e+00 1.676018646848172281e-21
4.037537537537538412e+00 1.670843740572093109e-21
4.047047047047047208e+00 1.665668834296014314e-21
4.056556556556556892e+00 1.660493928019935142e-21
4.066066066066066576e+00 1.655319021743855970e-21
4.075575575575575371e+00 1.650144115467777175e-21
4.085085085085085055e+00 1.644969209191698003e-21
4.094594594594594739e+00 1.639794302915618831e-21
4.104104104104104422e+00 1.634619396639539471e-21
4.113613613613614106e+00 1.629444490363460300e-21
4.123123123123123790e+00 1.624269584087381128e-21
4.132632632632633474e+00 1.619094677811301956e-21
4.142142142142142269e+00 1.614701345145188794e-21
4.151651651651651953e+00 1.610322578296198725e-21
4.161161161161161637e+00 1.605943811447208657e-21
4.170670670670670432e+00 1.601565044598218965e-21
4.180180180180180116e+00 1.597186277749228896e-21
4.189689689689689800e+00 1.592807510900238640e-21
4.199199199199199484e+00 1.588428744051248571e-21
4.208708708708709167e+00 1.584049977202258503e-21
4.218218218218218851e+00 1.579671210353268435e-21
4.227727727727728535e+00 1.575292443504278366e-21
4.237237237237237331e+00 1.570913676655288486e-21
4.246746746746747014e+00 1.566534909806298417e-21
4.256256256256256698e+00 1.562156142957308349e-21
4.265765765765765494e+00 1.557777376108318657e-21
4.275275275275275177e+00 1.553398609259328588e-21
4.284784784784784861e+00 1.549019842410338332e-21
4.294294294294294545e+00 1.544641075561348264e-21
4.303803803803804229e+00 1.540262308712358195e-21
4.313313313313313913e+00 1.535883541863368127e-21
4.322822822822823596e+00 1.531504775014378058e-21
4.332332332332333280e+00 1.527126008165387802e-21
4.341841841841842076e+00 1.522747241316398110e-21
4.351351351351351759e+00 1.518368474467408041e-21
4.360860860860860555e+00 1.513989707618418349e-21
4.370370370370370239e+00 1.509610940769428281e-21
4.379879879879879923e+00 1.505232173920438024e-21
4.389389389389389606e+00 1.500853407071447956e-21
4.398898898898899290e+00 1.496474640222457887e-21
4.408408408408408974e+00 1.492095873373467819e-21
4.417917917917918658e+00 1.487717106524477750e-21
4.427427427427428341e+00 1.483338339675487494e-21
4.436936936936937137e+00 1.478959572826497802e-21
4.446446446446446821e+00 1.474580805977507733e-21
4.455955955955956505e+00 1.470202039128517665e-21
4.465465465465465300e+00 1.465823272279527973e-21
4.474974974974974984e+00 1.461444505430537716e-21
4.484484484484484668e+00 1.457065738581547648e-21
4.493993993993994351e+00 1.452686971732557579e-21
4.503503503503504035e+00 1.448308204883567511e-21
4.513013013013013719e+00 1.444294479305938097e-21
4.522522522522522515e+00 1.440687691583504351e-21
4.532032032032032198e+00 1.437080903861070228e-21
4.541541541541541882e+00 1.433474116138636294e-21
4.551051051051051566e+00 1.429867328416202171e-21
4.560560560560561250e+00 1.426260540693768049e-21
4.570070070070070045e+00 1.422653752971334491e-21
4.579579579579579729e+00 1.419046965248900368e-21
4.589089089089089413e+00 1.415440177526466246e-21
4.598598598598599096e+00 1.411833389804032312e-21
4.608108108108108780e+00 1.408226602081598189e-21
4.617617617617617576e+00 1.404619814359164443e-21
4.627127127127127260e+00 1.401013026636730509e-21
4.636636636636636943e+00 1.397406238914296386e-21
4.646146146146146627e+00 1.393799451191862452e-21
4.655655655655656311e+00 1.390192663469428329e-21
4.665165165165165106e+00 1.386585875746994583e-21
4.674674674674674790e+00 1.382979088024560649e-21
4.684184184184184474e+00 1.379372300302126526e-21
4.693693693693694158e+00 1.375765512579692404e-21
4.703203203203203842e+00 1.372158724857258470e-21
4.712712712712712637e+00 1.368551937134824723e-21
4.722222222222222321e+00 1.364945149412390601e-21
4.731731731731732005e+00 1.361338361689956667e-21
4.741241241241241688e+00 1.357731573967522544e-21
4.750750750750751372e+00 1.354124786245088422e-21
4.760260260260260168e+00 1.350517998522654864e-21
4.769769769769769852e+00 1.346911210800220741e-21
4.779279279279279535e+00 1.343304423077786619e-21
4.788788788788789219e+00 1.339697635355352684e-21
4.798298298298298903e+00 1.336090847632918562e-21
4.807807807807808587e+00 1.332484059910484628e-21
4.817317317317317382e+00 1.328877272188050881e-21
4.826826826826827066e+00 1.325270484465616759e-21
4.836336336336336750e+00 1.321663696743182825e-21
4.845845845845846434e+00 1.318056909020748702e-21
4.855355355355356117e+00 1.314450121298314580e-21
4.864864864864864913e+00 1.310843333575881022e-21
4.874374374374374597e+00 1.307236545853446899e-21
4.883883883883884280e+00 1.303629758131012777e-21
4.893393393393393964e+00 1.300022970408578842e-21
4.902902902902903648e+00 1.296416182686144720e-21
4.912412412412412444e+00 1.292809394963710974e-21
4.921921921921922127e+00 1.289202607241277039e-21
4.931431431431431811e+00 1.285595819518842917e-21
4.940940940940941495e+00 1.281989031796408983e-21
4.950450450450451179e+00 1.278382244073974860e-21
4.959959959959959974e+00 1.274820579955537719e-21
4.969469469469469658e+00 1.271938601249095120e-21
4.978978978978979342e+00 1.269056622542652710e-21
4.988488488488489025e+00 1.266174643836210111e-21
4.997997997997998709e+00 1.263292665129767700e-21
5.007507507507507505e+00 1.260410686423325290e-21
5.017017017017017189e+00 1.257528707716882879e-21
5.026526526526526872e+00 1.254646729010440280e-21
5.036036036036036556e+00 1.251764750303997869e-21
5.045545545545546240e+00 1.248882771597555271e-21
5.055055055055055035e+00 1.246000792891113048e-21
5.064564564564564719e+00 1.243118814184670637e-21
5.074074074074074403e+00 1.240236835478228038e-21
5.083583583583584087e+00 1.237354856771785628e-21
5.093093093093093771e+00 1.234472878065343029e-21
5.102602602602602566e+00 1.231590899358900806e-21
5.112112112112112250e+00 1.228708920652458208e-21
5.121621621621621934e+00 1.225826941946015797e-21
5.131131131131131617e+00 1.222944963239573198e-21
5.140640640640641301e+00 1.220062984533130787e-21
5.150150150150150097e+00 1.217181005826688565e-21
5.159659659659659781e+00 1.214299027120245966e-21
5.169169169169169464e+00 1.211417048413803555e-21
5.178678678678679148e+00 1.208535069707360956e-21
5.188188188188188832e+00 1.205653091000918546e-21
5.197697697697698516e+00 1.202771112294475947e-21
5.207207207207207311e+00 1.199889133588033724e-21
5.216716716716716995e+00 1.197007154881591125e-21
5.226226226226226679e+00 1.194125176175148715e-21
5.235735735735736363e+00 1.191243197468706116e-21
5.245245245245246046e+00 1.188361218762263705e-21
5.254754754754754842e+00 1.185479240055821483e-21
5.264264264264264526e+00 1.182597261349378884e-21
5.273773773773774209e+00 1.179715282642936473e-21
5.283283283283283893e+00 1.176833303936493874e-21
5.292792792792793577e+00 1.173951325230051276e-21
5.302302302302302373e+00 1.171069346523609053e-21
5.311811811811812056e+00 1.168187367817166642e-21
5.321321321321321740e+00 1.165305389110724043e-21
5.330830830830831424e+00 1.162423410404281633e-21
5.340340340340341108e+00 1.159541431697839034e-21
5.349849849849849903e+00 1.156659452991396811e-21
5.359359359359359587e+00 1.153777474284954401e-21
5.368868868868869271e+00 1.150895495578511802e-21
5.378378378378378954e+00 1.148013516872069391e-21
5.387887887887888638e+00 1.145131538165626792e-21
5.397397397397397434e+00 1.142249559459184570e-21
5.406906906906907118e+00 1.139367580752741971e-21
5.416416416416416801e+00 1.136485602046299560e-21
5.425925925925926485e+00 1.133603623339856961e-21
5.435435435435436169e+00 1.130721644633414551e-21
5.444944944944944965e+00 1.127839665926972328e-21
5.454454454454454648e+00 1.124957687220529729e-21
5.463963963963964332e+00 1.122075708514087319e-21
5.473473473473474016e+00 1.119193729807644720e-21
5.482982982982983700e+00 1.116311751101202121e-21
5.492492492492492495e+00 1.113429772394759898e-21
5.502002002002002179e+00 1.110547793688317488e-21
5.511511511511511863e+00 1.107739535796651767e-21
5.521021021021021546e+00 1.105493318141378934e-21
5.530530530530531230e+00 1.103247100486106102e-21
5.540040040040040026e+00 1.101000882830833646e-21
5.549549549549549710e+00 1.098754665175560813e-21
5.559059059059059393e+00 1.096508447520287981e-21
5.568568568568569077e+00 1.094262229865015149e-21
5.578078078078078761e+00 1.092016012209742316e-21
5.587587587587588445e+00 1.089769794554469484e-21
5.597097097097097240e+00 1.087523576899197028e-21
5.606606606606606924e+00 1.085277359243924195e-21
5.616116116116116608e+00 1.083031141588651363e-21
5.625625625625626292e+00 1.080784923933378531e-21
5.635135135135135975e+00 1.078538706278105698e-21
5.644644644644644771e+00 1.076292488622833054e-21
5.654154154154154455e+00 1.074046270967560410e-21
5.663663663663664138e+00 1.071800053312287578e-21
5.673173173173173822e+00 1.069553835657014745e-21
5.682682682682683506e+00 1.067307618001741913e-21
5.692192192192192302e+00 1.065061400346469269e-21
5.701701701701701985e+00 1.062815182691196624e-21
5.711211211211211669e+00 1.060568965035923792e-21
5.720720720720721353e+00 1.058322747380650960e-21
5.730230230230231037e+00 1.056076529725378127e-21
5.739739739739739832e+00 1.053830312070105483e-21
5.749249249249249516e+00 1.051584094414832651e-21
5.758758758758759200e+00 1.049337876759560006e-21
5.768268268268268884e+00 1.047091659104287174e-21
5.777777777777778567e+00 1.044845441449014342e-21
5.787287287287287363e+00 1.042599223793741698e-21
5.796796796796797047e+00 1.040353006138468865e-21
5.806306306306306730e+00 1.038106788483196033e-21
5.815815815815816414e+00 1.035860570827923389e-21
5.825325325325326098e+00 1.033614353172650556e-21
5.834834834834834894e+00 1.031368135517377912e-21
5.844344344344344577e+00 1.029121917862105080e-21
5.853853853853854261e+00 1.026875700206832247e-21
5.863363363363363945e+00 1.024629482551559603e-21
5.872872872872873629e+00 1.022383264896286771e-21
5.882382382382382424e+00 1.020137047241014126e-21
5.891891891891892108e+00 1.017890829585741294e-21
5.901401401401401792e+00 1.015644611930468462e-21
5.910910910910911475e+00 1.013398394275195629e-21
5.920420420420421159e+00 1.011152176619922985e-21
5.929929929929929955e+00 1.008905958964650341e-21
5.939439439439439639e+00 1.006659741309377509e-21
5.948948948948949322e+00 1.004413523654104676e-21
5.958458458458459006e+00 1.002167305998831844e-21
5.967967967967968690e+00 9.999210883435590116e-22
5.977477477477478374e+00 9.976748706882863673e-22
5.986986986986987169e+00 9.954286530330137230e-22
5.996496496496496853e+00 9.931824353777408907e-22
6.006006006006006537e+00 9.909362177224680584e-22
6.015515515515516221e+00 9.886900000671952260e-22
6.025025025025025904e+00 9.864437824119225818e-22
6.034534534534534700e+00 9.841975647566499375e-22
6.044044044044044384e+00 9.819513471013771052e-22
6.053553553553554067e+00 9.797051294461042728e-22
6.063063063063063751e+00 9.774589117908314405e-22
6.072572572572573435e+00 9.752126941355586081e-22
6.082082082082082231e+00 9.729664764802861520e-22
6.091591591591591914e+00 9.707202588250133196e-22
6.101101101101101598e+00 9.684740411697404873e-22
6.110610610610611282e+00 9.662278235144676550e-22
6.120120120120120966e+00 9.639816058591948226e-22
6.129629629629629761e+00 9.617353882039223664e-22
6.139139139139139445e+00 9.594891705486495341e-22
6.148648648648649129e+00 9.572429528933767018e-22
6.158158158158158813e+00 9.549967352381038694e-22
6.167667667667668496e+00 9.527505175828310371e-22
6.177177177177177292e+00 9.505042999275585809e-22
6.186686686686686976e+00 9.482580822722857486e-22
6.196196196196196659e+00 9.460118646170129162e-22
6.205705705705706343e+00 9.441740952403126041e-22
6.215215215215216027e+00 9.425258258483910570e-22
6.224724724724724823e+00 9.408775564564696980e-22
6.234234234234234506e+00 9.392292870645483390e-22
6.243743743743744190e+00 9.375810176726267920e-22
6.253253253253253874e+00 9.359327482807054330e-22
6.262762762762763558e+00 9.342844788887838860e-22
6.272272272272272353e+00 9.326362094968625270e-22
6.281781781781782037e+00 9.309879401049409799e-22
6.291291291291291721e+00 9.293396707130196209e-22
6.300800800800801404e+00 9.276914013210980739e-22
6.310310310310311088e+00 9.260431319291767149e-22
6.319819819819819884e+00 9.243948625372553559e-22
6.329329329329329568e+00 9.227465931453338089e-22
6.338838838838839251e+00 9.210983237534122618e-22
6.348348348348348935e+00 9.194500543614909028e-22
6.357857857857858619e+00 9.178017849695693558e-22
6.367367367367367414e+00 9.161535155776479968e-22
6.376876876876877098e+00 9.145052461857266378e-22
6.386386386386386782e+00 9.128569767938050908e-22
6.395895895895896466e+00 9.112087074018835437e-22
6.405405405405406150e+00 9.095604380099621847e-22
6.414914914914915833e+00 9.079121686180406377e-22
6.424424424424424629e+00 9.062638992261192787e-22
6.433933933933934313e+00 9.046156298341979197e-22
6.443443443443443996e+00 9.029673604422763727e-22
6.452952952952953680e+00 9.013190910503548256e-22
6.462462462462463364e+00 8.996708216584334666e-22
6.471971971971972160e+00 8.980225522665121077e-22
6.481481481481481843e+00 8.963742828745905606e-22
6.490990990990991527e+00 8.947260134826692016e-22
6.500500500500501211e+00 8.930777440907476546e-22
6.510010010010010895e+00 8.914294746988261075e-22
6.519519519519519690e+00 8.897812053069049366e-22
6.529029029029029374e+00 8.881329359149833896e-22
6.538538538538539058e+00 8.864846665230618425e-22
6.548048048048048742e+00 8.848363971311404835e-22
6.557557557557558425e+00 8.831881277392189365e-22
6.567067067067067221e+00 8.815398583472975775e-22
6.576576576576576905e+00 8.798915889553762185e-22
6.586086086086086588e+00 8.782433195634546714e-22
6.595595595595596272e+00 8.765950501715331244e-22
6.605105105105105956e+00 8.749467807796117654e-22
6.614614614614614752e+00 8.732985113876904064e-22
6.624124124124124435e+00 8.716502419957688594e-22
6.633633633633634119e+00 8.700019726038475004e-22
6.643143143143143803e+00 8.683537032119259533e-22
6.652652652652653487e+00 8.667054338200044063e-22
6.662162162162162282e+00 8.650571644280832354e-22
6.671671671671671966e+00 8.634088950361616883e-22
6.681181181181181650e+00 8.617606256442401413e-22
6.690690690690691333e+00 8.601123562523187823e-22
6.700200200200201017e+00 8.584640868603972352e-22
6.709709709709709813e+00 8.568158174684758763e-22
6.719219219219219497e+00 8.551675480765543292e-22
6.728728728728729180e+00 8.535192786846329702e-22
6.738238238238238864e+00 8.518710092927114232e-22
6.747747747747748548e+00 8.502227399007900642e-22
6.757257257257257343e+00 8.485744705088687052e-22
6.766766766766767027e+00 8.469262011169471582e-22
6.776276276276276711e+00 8.452779317250257051e-22
6.785785785785786395e+00 8.436296623331042521e-22
6.795295295295296079e+00 8.419813929411827051e-22
6.804804804804805762e+00 8.403331235492612521e-22
6.814314314314314558e+00 8.386848541573398931e-22
6.823823823823824242e+00 8.370365847654184401e-22
6.833333333333333925e+00 8.353883153734969870e-22
6.842842842842843609e+00 8.337400459815755340e-22
6.852352352352353293e+00 8.320917765896539870e-22
6.861861861861862089e+00 8.304435071977327220e-22
6.871371371371371772e+00 8.287952378058111750e-22
6.880880880880881456e+00 8.271469684138897220e-22
6.890390390390391140e+00 8.254986990219682689e-22
6.899899899899900824e+00 8.238504296300468159e-22
6.909409409409409619e+00 8.222021602381254569e-22
6.918918918918919303e+00 8.205538908462040039e-22
6.928428428428428987e+00 8.189056214542824569e-22
6.937937937937938671e+00 8.172573520623610039e-22
6.947447447447448354e+00 8.156090826704395508e-22
6.956956956956957150e+00 8.139608132785181919e-22
6.966466466466466834e+00 8.123125438865967388e-22
6.975975975975976517e+00 8.106642744946752858e-22
6.985485485485486201e+00 8.090160051027537388e-22
6.994994994994995885e+00 8.073677357108322858e-22
7.004504504504504681e+00 8.057194663189110208e-22
7.014014014014014364e+00 8.040711969269894738e-22
7.023523523523524048e+00 8.024229275350680207e-22
7.033033033033033732e+00 8.007746581431465677e-22
7.042542542542543416e+00 7.991263887512250207e-22
7.052052052052052211e+00 7.974781193593037557e-22
7.061561561561561895e+00 7.958298499673822087e-22
7.071071071071071579e+00 7.941815805754607557e-22
7.080580580580581262e+00 7.925333111835393026e-22
7.090090090090090946e+00 7.911714505337204926e-22
7.099599599599599742e+00 7.900391377820716645e-22
7.109109109109109426e+00 7.889068250304226483e-22
7.118618618618619109e+00 7.877745122787736321e-22
7.128128128128128793e+00 7.866421995271247099e-22
7.137637637637638477e+00 7.855098867754756937e-22
7.147147147147147273e+00 7.843775740238267716e-22
7.156656656656656956e+00 7.832452612721778494e-22
7.166166166166166640e+00 7.821129485205288332e-22
7.175675675675676324e+00 7.809806357688798170e-22
7.185185185185186008e+00 7.798483230172308948e-22
7.194694694694694803e+00 7.787160102655819727e-22
7.204204204204204487e+00 7.775836975139329565e-22
7.213713713713714171e+00 7.764513847622840343e-22
7.223223223223223854e+00 7.753190720106350181e-22
7.232732732732733538e+00 7.741867592589860019e-22
7.242242242242243222e+00 7.730544465073370798e-22
7.251751751751752018e+00 7.719221337556881576e-22
7.261261261261261701e+00 7.707898210040391414e-22
7.270770770770771385e+00 7.696575082523902192e-22
7.280280280280281069e+00 7.685251955007412030e-22
7.289789789789790753e+00 7.673928827490921868e-22
7.299299299299299548e+00 7.662605699974433587e-22
7.308808808808809232e+00 7.651282572457943425e-22
7.318318318318318916e+00 7.639959444941453263e-22
7.327827827827828600e+00 7.628636317424963101e-22
7.337337337337338283e+00 7.617313189908473880e-22
7.346846846846847079e+00 7.605990062391984658e-22
7.356356356356356763e+00 7.594666934875494496e-22
7.365865865865866446e+00 7.583343807359005274e-22
7.375375375375376130e+00 7.572020679842515112e-22
7.384884884884885814e+00 7.560697552326024950e-22
7.394394394394394610e+00 7.549374424809536669e-22
7.403903903903904293e+00 7.538051297293046507e-22
7.413413413413413977e+00 7.526728169776556345e-22
7.422922922922923661e+00 7.515405042260067123e-22
7.432432432432433345e+00 7.504081914743576961e-22
7.441941941941942140e+00 7.492758787227087740e-22
7.451451451451451824e+00 7.481435659710598518e-22
7.460960960960961508e+00 7.470112532194108356e-22
7.470470470470471192e+00 7.458789404677618194e-22
7.479979979979980875e+00 7.447466277161128032e-22
7.489489489489489671e+00 7.436143149644639751e-22
7.498998998998999355e+00 7.424820022128149589e-22
7.508508508508509038e+00 7.413496894611659427e-22
7.518018018018018722e+00 7.402173767095170205e-22
7.527527527527528406e+00 7.390850639578680043e-22
7.537037037037037202e+00 7.379527512062190822e-22
7.546546546546546885e+00 7.368204384545701600e-22
7.556056056056056569e+00 7.356881257029211438e-22
7.565565565565566253e+00 7.345558129512721276e-22
7.575075075075075937e+00 7.334235001996232054e-22
7.584584584584584732e+00 7.322911874479742833e-22
7.594094094094094416e+00 7.311588746963252671e-22
7.603603603603604100e+00 7.300265619446763449e-22
7.613113113113113783e+00 7.288942491930273287e-22
7.622622622622623467e+00 7.277619364413783125e-22
7.632132132132133151e+00 7.266296236897293904e-22
7.641641641641641947e+00 7.254973109380804682e-22
7.651151151151151630e+00 7.243649981864314520e-22
7.660660660660661314e+00 7.232326854347825298e-22
7.670170170170170998e+00 7.221003726831335136e-22
7.679679679679680682e+00 7.209680599314844974e-22
7.689189189189189477e+00 7.198357471798356693e-22
7.698698698698699161e+00 7.187034344281866531e-22
7.708208208208208845e+00 7.175711216765376369e-22
7.717717717717718529e+00 7.164388089248886207e-22
7.727227227227228212e+00 7.153064961732396986e-22
7.736736736736737008e+00 7.141741834215907764e-22
7.746246246246246692e+00 7.130418706699417602e-22
7.755755755755756375e+00 7.119095579182928380e-22
7.765265265265266059e+00 7.107772451666438218e-22
7.774774774774775743e+00 7.096449324149948056e-22
7.784284284284284539e+00 7.085126196633459775e-22
7.793793793793794222e+00 7.073803069116969613e-22
7.803303303303303906e+00 7.062479941600479451e-22
7.812812812812813590e+00 7.051156814083990229e-22
7.822322322322323274e+00 7.039833686567500067e-22
7.831831831831832069e+00 7.028510559051010846e-22
7.841341341341341753e+00 7.017187431534521624e-22
7.850850850850851437e+00 7.005864304018031462e-22
7.860360360360361121e+00 6.994541176501541300e-22
7.869869869869870804e+00 6.983218048985051138e-22
7.879379379379379600e+00 6.971894921468562857e-22
7.888888888888889284e+00 6.960571793952072695e-22
7.898398398398398967e+00 6.949248666435582533e-22
7.907907907907908651e+00 6.937925538919093311e-22
7.917417417417418335e+00 6.926602411402603149e-22
7.926926926926927131e+00 6.915279283886113928e-22
7.936436436436436814e+00 6.903956156369624706e-22
7.945945945945946498e+00 6.892633028853134544e-22
7.955455455455456182e+00 6.881309901336644382e-22
7.964964964964965866e+00 6.869986773820155161e-22
7.974474474474474661e+00 6.858663646303665939e-22
7.983983983983984345e+00 6.847340518787175777e-22
7.993493493493494029e+00 6.836017391270686555e-22
8.003003003003003712e+00 6.824694263754196393e-22
8.012512512512513396e+00 6.813371136237706231e-22
8.022022022022023080e+00 6.802048008721217010e-22
8.031531531531530987e+00 6.790724881204728728e-22
8.041041041041040671e+00 6.779401753688238566e-22
8.050550550550550355e+00 6.768078626171749345e-22
8.060060060060060039e+00 6.756755498655259183e-22
8.069569569569569722e+00 6.745432371138769021e-22
8.079079079079079406e+00 6.734109243622279799e-22
8.088588588588589090e+00 6.722786116105789637e-22
8.098098098098098774e+00 6.711462988589299475e-22
8.107607607607608458e+00 6.700139861072809313e-22
8.117117117117118141e+00 6.688816733556320092e-22
8.126626626626627825e+00 6.677493606039829930e-22
8.136136136136137509e+00 6.666170478523339768e-22
8.145645645645647193e+00 6.654847351006850546e-22
8.155155155155156876e+00 6.643524223490360384e-22
8.164664664664666560e+00 6.632201095973870222e-22
8.174174174174174468e+00 6.620877968457382881e-22
8.183683683683684151e+00 6.609554840940892719e-22
8.193193193193193835e+00 6.598231713424402557e-22
8.202702702702703519e+00 6.586908585907913335e-22
8.212212212212213203e+00 6.575585458391423173e-22
8.221721721721721110e+00 6.564262330874934892e-22
8.231231231231230794e+00 6.552939203358445671e-22
8.240740740740740478e+00 6.541616075841955509e-22
8.250250250250250161e+00 6.530292948325465347e-22
8.259759759759759845e+00 6.518969820808976125e-22
8.269269269269269529e+00 6.509609264097326179e-22
8.278778778778779213e+00 6.503390862936319690e-22
8.288288288288288896e+00 6.497172461775313200e-22
8.297797797797798580e+00 6.490954060614306711e-22
8.307307307307308264e+00 6.484735659453299281e-22
8.316816816816817948e+00 6.478517258292292791e-22
8.326326326326327631e+00 6.472298857131286302e-22
8.335835835835837315e+00 6.466080455970279812e-22
8.345345345345346999e+00 6.459862054809272383e-22
8.354854854854856683e+00 6.453643653648265893e-22
8.364364364364364590e+00 6.447425252487260344e-22
8.373873873873874274e+00 6.441206851326253854e-22
8.383383383383383958e+00 6.434988450165247365e-22
8.392892892892893641e+00 6.428770049004240875e-22
8.402402402402403325e+00 6.422551647843233445e-22
8.411911911911913009e+00 6.416333246682226956e-22
8.421421421421420916e+00 6.410114845521221407e-22
8.430930930930930600e+00 6.403896444360214917e-22
8.440440440440440284e+00 6.397678043199208428e-22
8.449949949949949968e+00 6.391459642038200998e-22
8.459459459459459651e+00 6.385241240877194508e-22
8.468968968968969335e+00 6.379022839716188019e-22
8.478478478478479019e+00 6.372804438555181529e-22
8.487987987987988703e+00 6.366586037394174100e-22
8.497497497497498387e+00 6.360367636233167610e-22
8.507007007007008070e+00 6.354149235072161121e-22
8.516516516516517754e+00 6.347930833911154631e-22
8.526026026026027438e+00 6.341712432750148142e-22
8.535535535535535345e+00 6.335494031589142592e-22
8.545045045045045029e+00 6.329275630428135163e-22
8.554554554554554713e+00 6.323057229267128673e-22
8.564064064064064397e+00 6.316838828106122184e-22
8.573573573573574080e+00 6.310620426945115694e-22
8.583083083083083764e+00 6.304402025784108264e-22
8.592592592592593448e+00 6.298183624623101775e-22
8.602102102102103132e+00 6.291965223462095285e-22
8.611611611611612815e+00 6.285746822301088796e-22
8.621121121121122499e+00 6.279528421140081366e-22
8.630630630630632183e+00 6.273310019979074876e-22
8.640140140140140090e+00 6.267091618818069327e-22
8.649649649649649774e+00 6.260873217657062838e-22
8.659159159159159458e+00 6.254654816496056348e-22
8.668668668668669142e+00 6.248436415335048918e-22
8.678178178178178825e+00 6.242218014174042429e-22
8.687687687687688509e+00 6.235999613013035939e-22
8.697197197197198193e+00 6.229781211852029450e-22
8.706706706706707877e+00 6.223562810691022960e-22
8.716216216216217560e+00 6.217344409530015530e-22
8.725725725725727244e+00 6.211126008369009041e-22
8.735235235235235152e+00 6.204907607208003492e-22
8.744744744744744835e+00 6.198689206046997002e-22
8.754254254254254519e+00 6.192470804885990513e-22
8.763763763763764203e+00 6.186252403724983083e-22
8.773273273273273887e+00 6.180034002563976593e-22
8.782782782782783570e+00 6.173815601402970104e-22
8.792292292292293254e+00 6.167597200241963614e-22
8.801801801801802938e+00 6.161378799080956184e-22
8.811311311311312622e+00 6.155160397919949695e-22
8.820820820820822306e+00 6.148941996758943205e-22
8.830330330330330213e+00 6.142723595597937656e-22
8.839839839839839897e+00 6.136505194436931167e-22
8.849349349349349581e+00 6.130286793275924677e-22
8.858858858858859264e+00 6.124068392114917247e-22
8.868368368368368948e+00 6.117849990953910758e-22
8.877877877877878632e+00 6.111631589792904268e-22
8.887387387387388316e+00 6.105413188631897779e-22
8.896896896896897999e+00 6.099194787470890349e-22
8.906406406406407683e+00 6.092976386309883859e-22
8.915915915915917367e+00 6.086757985148877370e-22
8.925425425425425274e+00 6.080539583987871821e-22
8.934934934934934958e+00 6.074321182826865331e-22
8.944444444444444642e+00 6.068102781665857901e-22
8.953953953953954326e+00 6.061884380504851412e-22
8.963463463463464009e+00 6.055665979343844922e-22
8.972972972972973693e+00 6.049447578182838433e-22
8.982482482482483377e+00 6.043229177021831943e-22
8.991991991991993061e+00 6.037010775860824514e-22
9.001501501501502744e+00 6.030792374699818024e-22
9.011011011011012428e+00 6.024573973538811534e-22
9.020520520520520336e+00 6.018355572377805985e-22
9.030030030030030019e+00 6.012137171216799496e-22
9.039539539539539703e+00 6.005918770055792066e-22
9.049049049049049387e+00 5.999700368894785576e-22
9.058558558558559071e+00 5.993481967733779087e-22
9.068068068068068754e+00 5.987263566572772597e-22
9.077577577577578438e+00 5.981045165411765168e-22
9.087087087087088122e+00 5.974826764250758678e-22
9.096596596596597806e+00 5.968608363089752189e-22
9.106106106106107489e+00 5.962389961928745699e-22
9.115615615615617173e+00 5.956171560767739210e-22
9.125125125125125081e+00 5.949953159606733660e-22
9.134634634634634764e+00 5.943734758445726231e-22
9.144144144144144448e+00 5.937516357284719741e-22
9.153653653653654132e+00 5.931297956123713252e-22
9.163163163163163816e+00 5.925079554962706762e-22
9.172672672672673500e+00 5.918861153801699332e-22
9.182182182182183183e+00 5.912642752640692843e-22
9.191691691691692867e+00 5.906424351479686353e-22
9.201201201201202551e+00 5.900205950318679864e-22
9.210710710710712235e+00 5.893987549157672434e-22
9.220220220220220142e+00 5.887769147996666885e-22
9.229729729729729826e+00 5.881550746835660395e-22
9.239239239239239510e+00 5.875332345674653906e-22
9.248748748748749193e+00 5.869113944513647416e-22
9.258258258258258877e+00 5.862895543352640927e-22
9.267767767767768561e+00 5.856677142191633497e-22
9.277277277277278245e+00 5.850458741030627007e-22
9.286786786786787928e+00 5.844240339869620518e-22
9.296296296296297612e+00 5.838021938708614028e-22
9.305805805805807296e+00 5.831803537547606598e-22
9.315315315315315203e+00 5.825585136386601049e-22
9.324824824824824887e+00 5.819366735225594560e-22
9.334334334334334571e+00 5.813148334064588070e-22
9.343843843843844255e+00 5.806929932903581581e-22
9.353353353353353938e+00 5.800711531742574151e-22
9.362862862862863622e+00 5.794493130581567661e-22
9.372372372372373306e+00 5.788274729420561172e-22
9.381881881881882990e+00 5.782056328259554682e-22
9.391391391391392673e+00 5.775837927098548193e-22
9.400900900900902357e+00 5.769619525937540763e-22
9.410410410410410265e+00 5.763401124776535214e-22
9.419919919919919948e+00 5.757182723615528724e-22
9.429429429429429632e+00 5.750964322454522235e-22
9.438938938938939316e+00 5.744745921293515745e-22
9.448448448448449000e+00 5.738527520132508315e-22
9.457957957957958683e+00 5.732309118971501826e-22
9.467467467467468367e+00 5.726090717810495336e-22
9.476976976976978051e+00 5.719872316649488847e-22
9.486486486486487735e+00 5.713653915488481417e-22
9.495995995995997419e+00 5.707435514327474927e-22
9.505505505505507102e+00 5.701217113166468438e-22
9.515015015015015010e+00 5.694998712005462889e-22
9.524524524524524693e+00 5.688780310844456399e-22
9.534034034034034377e+00 5.682561909683449910e-22
9.543543543543544061e+00 5.676343508522442480e-22
9.553053053053053745e+00 5.670125107361435990e-22
9.562562562562563429e+00 5.663906706200429501e-22
9.572072072072073112e+00 5.657688305039423011e-22
9.581581581581582796e+00 5.651469903878415582e-22
9.591091091091092480e+00 5.645251502717409092e-22
9.600600600600602164e+00 5.639033101556402603e-22
9.610110110110110071e+00 5.632814700395397053e-22
9.619619619619619755e+00 5.626596299234390564e-22
9.629129129129129439e+00 5.620377898073383134e-22
9.638638638638639122e+00 5.614159496912376645e-22
9.648148148148148806e+00 5.607941095751370155e-22
9.657657657657658490e+00 5.601722694590363665e-22
9.667167167167168174e+00 5.595504293429357176e-22
9.676676676676677857e+00 5.589285892268349746e-22
9.686186186186187541e+00 5.583067491107343257e-22
9.695695695695697225e+00 5.576849089946336767e-22
9.705205205205205132e+00 5.570630688785331218e-22
9.714714714714714816e+00 5.564412287624324728e-22
9.724224224224224500e+00 5.558193886463317299e-22
9.733733733733734184e+00 5.551975485302310809e-22
9.743243243243243867e+00 5.545757084141304320e-22
9.752752752752753551e+00 5.539538682980297830e-22
9.762262262262263235e+00 5.533320281819290400e-22
9.771771771771772919e+00 5.527101880658283911e-22
9.781281281281282602e+00 5.520883479497277421e-22
9.790790790790792286e+00 5.514665078336270932e-22
9.800300300300300194e+00 5.508446677175265383e-22
9.809809809809809877e+00 5.502228276014257953e-22
9.819319319319319561e+00 5.496009874853251463e-22
9.828828828828829245e+00 5.489791473692244974e-22
9.838338338338338929e+00 5.483573072531238484e-22
9.847847847847848612e+00 5.477354671370231995e-22
9.857357357357358296e+00 5.471136270209224565e-22
9.866866866866867980e+00 5.464917869048218075e-22
9.876376376376377664e+00 5.458699467887211586e-22
9.885885885885887348e+00 5.452481066726205096e-22
9.895395395395397031e+00 5.446262665565197666e-22
9.904904904904904939e+00 5.440044264404192117e-22
9.914414414414414622e+00 5.433825863243185628e-22
9.923923923923924306e+00 0.000000000000000000e+00
9.933433433433433990e+00 0.000000000000000000e+00
9.942942942942943674e+00 0.000000000000000000e+00
9.952452452452453358e+00 0.000000000000000000e+00
9.961961961961963041e+00 0.000000000000000000e+00
9.971471471471472725e+00 0.000000000000000000e+00
9.980980980980982409e+00 0.000000000000000000e+00
9.990490490490492093e+00 0.000000000000000000e+00
1.000000000000000000e+01 0.000000000000000000e+00
