E A0 A1 A2 A3 A4 A5 A6 A7 A8 A9 A10 A11 A12 A13 A14 A15 A16
0.005995941760628518 1 6.6733400066733403e-05 0.00016016016016016016 0 0 0 0 0 0 0 0 0 0 0 0 0 0
0.011991883521257036 1 0.00030051086847640991 0.00016027246318741864 0 0 0 0 0 0 0 0 0 0 0 0 0 0
0.017987825281885552 1 0.00046769559698002267 0.00016035277610743637 0 0 0 0 0 0 0 0 0 0 0 0 0 0
0.02398376704251407 1 0.00060144346431435444 0.00012028869286287086 0 0 0 0 0 0 0 0 0 0 0 0 0 0
0.02997970880314259 1 0.00073524497025599905 8.0208542209745352e-05 0 0 0 0 0 0 0 0 0 0 0 0 0 0
0.035975650563771104 1 0.00086910014707848636 4.0112314480545532e-05 0 0 0 0 0 0 0 0 0 0 0 0 0 0
0.041971592324399634 1 0.0009862526411511406 2.0059375752226589e-06 0 0 0 0 0 0 0 0 0 0 0 0 0 0
0.04796753408502814 1 0.0011033099297893681 -6.0180541624874613e-05 0 0 0 0 0 0 0 0 0 0 0 0 0 0
0.05396347584565666 1 0.0012370444667335341 -0.00014042126379137414 0 0 0 0 0 0 0 0 0 0 0 0 0 0
0.05995941760628518 1 0.0013709165078409737 -0.00020062192797672785 0 0 0 0 0 0 0 0 0 0 0 0 0 0
0.06295738848659944 1 0.0014377904838332163 -0.00024074631357207341 0 0 0 0 0 0 0 0 0 0 0 0 0 0
0.0659553593669137 1 0.0016718493998060654 -0.00028087069916741901 0 0 0 0 0 0 0 0 0 0 0 0 0 0
0.06895333024722797 1 0.0015715384358177015 -0.00032099508476276454 0 0 0 0 0 0 0 0 0 0 0 0 0 0
0.07195130112754221 1 0.0016384124118099441 -0.00036111947035811012 0 0 0 0 0 0 0 0 0 0 0 0 0 0
0.07794724288817075 1 0.0017721603637944295 -0.00044136824154880134 0 0 0 0 0 0 0 0 0 0 0 0 0 0
0.08394318464879927 1 0.0019393453037750358 -0.00054167920553716529 0 0 0 0 0 0 0 0 0 0 0 0 0 0
0.08993912640942776 1 0.002073093255759521 -0.00064199016952552908 7.1650688563117089e-06 0 0 0 0 0 0 0 0 0 0 0 0 0
0.09593506817005629 1 0.0022402781957401277 -0.00074230113351389309 1.4330137712623418e-05 0 0 0 0 0 0 0 0 0 0 0 0 0
0.10193100993068481 1 0.002407221664994985 -0.00084252758274824466 1.4328700386874911e-05 0 0 0 0 0 0 0 0 0 0 0 0 0
0.10792695169131332 1 0.0025743898361751923 -0.0009628886659979938 1.4328700386874911e-05 0 0 0 0 0 0 0 0 0 0 0 0 0
0.11392289345194184 1 0.0027415580073553996 -0.0010631895687061182 1.4328700386874911e-05 0 0 0 0 0 0 0 0 0 0 0 0 0
0.11991883521257037 1 0.0029421598127716483 -0.0011835506519558676 1.4328700386874911e-05 0 0 0 0 0 0 0 0 0 0 0 0 0
0.1319107187338274 1 0.0033266466064861256 -0.0014242728184553663 2.1493050580312361e-05 0 0 0 0 0 0 0 0 0 0 0 0 0
0.14390260225508442 1 0.003711133400200602 -0.0016649949849548648 2.8657400773749823e-05 0 0 0 0 0 0 0 0 0 0 0 0 0
0.1558944857763415 1 0.0041123370110330995 -0.0019257773319959876 2.8657400773749823e-05 1.1144544745347154e-05 0 0 0 0 0 0 0 0 0 0 0 0
0.16788636929759854 1 0.0045469742561016378 -0.0021865596790371115 2.8657400773749823e-05 1.1144544745347154e-05 0 0 0 0 0 0 0 0 0 0 0 0
0.17987825281885553 1 0.0049816115011701778 -0.0024674022066198597 4.2986101160624722e-05 1.1144544745347154e-05 0 0 0 0 0 0 0 0 0 0 0 0
0.19187013634011257 1 0.0054502290433677729 -0.0027284582204834987 4.2990413137870248e-05 1.1145662665373769e-05 0 0 0 0 0 0 0 0 0 0 0 0
0.20386201986136962 1 0.0059189406099518461 -0.0030096308186195824 5.7326301307039668e-05 1.1146780809702157e-05 0 0 0 0 0 0 0 0 0 0 0 0
0.21585390338262664 1 0.0064211899267583019 -0.0033109260559847494 5.7332052917484846e-05 2.2295798356799661e-05 0 0 0 0 0 0 0 0 0 0 0 0
0.22784578690388368 1 0.0069071630458414869 -0.0035923937584667097 7.1675853121841787e-05 2.2299154304572999e-05 0 0 0 0 0 0 0 0 0 0 0 0
0.23983767042514073 1 0.0073932824836076549 -0.0038739462063428348 7.1686643344612031e-05 2.2302511262768189e-05 9.1237546074960767e-06 0 0 0 0 0 0 0 0 0 0 0
0.2518295539463978 1 0.0079138014689889413 -0.0041760778999146717 8.6045561124615475e-05 3.3462162659572686e-05 9.126044361701643e-06 0 0 0 0 0 0 0 0 0 0 0
0.2638214374676548 1 0.0084345817853198109 -0.0044582789436690435 0.00010041168792047395 3.3470562640157978e-05 9.1283352654976317e-06 0 0 0 0 0 0 0 0 0 0 0
0.27581332098891187 1 0.0089728137136734967 -0.0047609481719566088 0.00011479079377833897 4.464086424713182e-05 9.1310858687315092e-06 0 0 0 0 0 0 0 0 0 0 0
0.28780520451016883 1 0.0095113701061656456 -0.0050537526373957602 0.00012200198073804022 5.0236109715663615e-05 1.3700757195180987e-05 0 0 0 0 0 0 0 0 0 0 0
0.2997970880314259 1 0.010050251256281407 -0.0053467336683417086 0.00012921751615218953 5.5834729201563377e-05 1.8273184102329833e-05 0 0 0 0 0 0 0 0 0 0 0
0.3297767968345685 1 0.011469966797464535 -0.0060569473790119729 0.00017248070372127117 6.7075829224938786e-05 1.8293407970437854e-05 0 0 0 0 0 0 0 0 0 0 0
0.35975650563771105 1 0.012896725440806044 -0.0067707808564231725 0.00021590500179920834 9.5158130422614046e-05 2.7478818410808334e-05 3.8752179810114321e-06 0 0 0 0 0 0 0 0 0 0
0.3897362144408537 1 0.014331853048041986 -0.0074485264432781594 0.00026673971970701886 0.00012335710761225498 4.1288949242118396e-05 7.7637340455265365e-06 0 0 0 0 0 0 0 0 0 0
0.41971592324399626 1 0.015812009035433734 -0.0080712046121169216 0.0003178777326648268 0.00015733342323814663 5.5168862693895559e-05 7.7802242260621952e-06 0 0 0 0 0 0 0 0 0 0
0.44969563204713886 1 0.017286829565041063 -0.0086789009429179761 0.0003838298981764459 0.00020277805941397141 6.9128883891126625e-05 7.7991561313065946e-06 0 0 0 0 0 0 0 0 0 0
0.47967534085028146 1 0.018776478562955428 -0.0092119979664463635 0.00045028687631636278 0.00024854544427498163 8.3190830521791376e-05 1.5642720269054788e-05 0 0 0 0 0 0 0 0 0 0
0.509655049653424 1 0.020267972522614433 -0.0096918996123240165 0.00053924854985862942 0.00030039221020653384 0.00010665726846098199 1.5695383987569258e-05 0 0 0 0 0 0 0 0 0 0
0.5396347584565666 1 0.021761392729134663 -0.01012800819252432 0.00062906883183380875 0.00036411219206918129 0.00013033561420658195 2.3632281696797822e-05 0 0 0 0 0 0 0 0 0 0
0.5696144672597092 1 0.023243854777332096 -0.010470019541293838 0.00071994240460763136 0.00043425097420777767 0.00015894832309519132 3.1645819982753029e-05 0 0 0 0 0 0 0 0 0 0
0.5995941760628518 1 0.024734738872812457 -0.010768912773873502 0.00084155199905509945 0.00049951770704147712 0.00019730166485023862 3.9749419658472986e-05 3.4449497037343257e-06 0 0 0 0 0 0 0 0 0
0.659553593669137 1 0.027699383296749244 -0.011090205916170168 0.0010825904522988249 0.00068522583417534818 0.00027556847876697356 5.6283217148692219e-05 6.9683983136476085e-06 0 0 0 0 0 0 0 0 0
0.7195130112754221 1 0.030585576040121493 -0.011061665607120155 0.0013925468470923018 0.00089472816745544026 0.0003756574004507889 7.7428399106720794e-05 1.0595465140919687e-05 0 0 0 0 0 0 0 0 0
0.7794724288817074 1 0.033444576021817926 -0.0106577672515879 0.0017378466081232793 0.001136350043659765 0.00049912408616251884 0.00010765421466250404 1.4353895288333874e-05 0 0 0 0 0 0 0 0 0
0.8394318464879925 1 0.036257309941520467 -0.0098464912280701762 0.0021459899749373432 0.0014254385964912282 0.00063795853269537478 0.00014338731443994601 1.4619883040935673e-05 0 0 0 0 0 0 0 0 0
0.8993912640942777 1 0.038993992313146014 -0.0086197246165901718 0.0026067070732916473 0.001741358508402055 0.00080396486978822148 0.00018944449706791586 2.2388895108026416e-05 0 0 0 0 0 0 0 0 0
0.9593506817005629 1 0.041657121038564338 -0.0069644902634593362 0.0031255113729340531 0.0021000381825124095 0.00099968759762574183 0.0002379064234734338 3.0546009927453223e-05 0 0 0 0 0 0 0 0 0
1.019310099306848 1 0.044246055053056114 -0.0048396569951838367 0.0036918326592941886 0.0024929193259981466 0.0012067105923560756 0.00029818648401991527 3.9155800931908063e-05 6.9098472232778939e-06 0 0 0 0 0 0 0 0
1.0792695169131332 1 0.046797038467728952 -0.0022694350555287303 0.0043112368076153691 0.0029239766081871343 0.0014485755673587638 0.00037142963265609331 4.8285852245292122e-05 7.1008606243076665e-06 0 0 0 0 0 0 0 0
1.1392289345194184 1 0.049305987155583181 0.00074580484773151029 0.0050075468347687124 0.0033837442165596302 0.0017289112379230464 0.00044939522876129463 5.8007043712450796e-05 7.3118122326618651e-06 0 0 0 0 0 0 0 0
1.1991883521257036 1 0.051745502713327347 0.0042302268939879506 0.0057318658780009888 0.0038741471891068097 0.0020160585472724941 0.00053247611252995176 8.1186172712900044e-05 1.1310767096224466e-05 0 0 0 0 0 0 0 0
1.319107187338274 1 0.056460815190104534 0.012542790633986034 0.0073550986874278681 0.0049294810351910179 0.0027012560218092193 0.00075311515815418327 0.00010954402300424482 1.2082061360762297e-05 0 0 0 0 0 0 0 0
1.4390260225508442 1 0.060988742046010763 0.022525697503671071 0.0091462135514998929 0.0060531897536302819 0.0034841810172206648 0.0010166045408336157 0.00016642192853646596 1.7275632720048372e-05 0 0 0 0 0 0 0 0
1.5589448577634148 1 0.065330598074798796 0.034053968754931351 0.011068779729029057 0.0072063542159802214 0.0043898030326939902 0.0013231206224736285 0.00023144495292199254 2.7847654763341344e-05 0 0 0 0 0 0 0 0
1.678863692975985 1 0.06955046649703138 0.046853265479219676 0.013110384102750516 0.0083498256526246331 0.0053974863135168479 0.0016963528413910093 0.00030534351145038169 2.9935638377488394e-05 0 0 0 0 0 0 0 0
1.7987825281885554 1 0.073548152193701075 0.06056799563080284 0.015188161556266417 0.0094362521997694033 0.0065206957615477545 0.0021075774762284866 0.00039444141027974994 4.2835266274723976e-05 0 0 0 0 0 0 0 0
1.9187013634011258 1 0.077412238011809742 0.074635000973330728 0.017241858783614668 0.010425453680271667 0.0077335551347620648 0.002560608556325901 0.00049315424047758087 5.7254749281452894e-05 0 0 0 0 0 0 0 0
2.038620198613696 1 0.081224941241531859 0.088635420987142263 0.019227350832493929 0.011325406700769621 0.0090777120018098855 0.0030788373799572472 0.00062214848610535041 7.319393954180593e-05 0 0 0 0 0 0 0 0
2.1585390338262664 1 0.085236422192943917 0.10171277997364954 0.021017629713281888 0.012077294685990338 0.01050025951211722 0.0036316340664166746 0.00076123554384423947 9.6876695342168486e-05 0 0 0 0 0 0 0 0
2.278457869038837 1 0.091360322630680932 0.11451838064215916 0.022934255135278869 0.012887130965306861 0.012035196074284021 0.0042237892400758849 0.00093066542577943223 0.00012317630635316014 6.1227988538120548e-06 0 0 0 0 0 0 0
2.3983767042514073 1 0.095494613124387853 0.12656709108716946 0.024905554778228627 0.013467189030362391 0.013734306829311727 0.0048594891885783177 0.0011100228534116879 0.00015843751800426341 6.4436311150059283e-06 0 0 0 0 0 0 0
2.5182955394639777 1 0.09891702907819562 0.13650550012790993 0.026641815590395791 0.01401324578607771 0.015535245005697806 0.0055690024991636644 0.0012961541741280803 0.00019562698448527527 1.3464205409917735e-05 0 0 0 0 0 0 0
2.638214374676548 1 0.10201912858660998 0.14420828905419764 0.028123576742067707 0.014641634195300506 0.017486233214182204 0.0062944494400392383 0.0015054906128232379 0.00023441895355379137 1.3982884948822641e-05 0 0 0 0 0 0 0
2.758133209889118 1 0.10482468186395681 0.14968415270530075 0.029407148742496177 0.015441423296408192 0.019575041821677363 0.007098641539729153 0.0017394488693582349 0.00027464982147761604 1.4455253761979794e-05 6.5392814637527645e-06 0 0 0 0 0 0
2.8780520451016884 1 0.1074964639321075 0.15304101838755307 0.030551626591230556 0.016470218450416473 0.021807895075221809 0.007942552497007942 0.0019801980198019802 0.00033280638988268576 2.2333060373706544e-05 6.7353674142924505e-06 0 0 0 0 0 0
2.9979708803142593 1 0.11007751937984499 0.15459302325581398 0.031499169435215947 0.017829457364341088 0.024207188160676532 0.0088550983899821113 0.0022577519379844966 0.00039329685362517105 3.0599755201958392e-05 1.3842746400885938e-05 0 0 0 0 0 0
3.1178897155268297 1 0.11256830601092895 0.15457526080476897 0.032190760059612515 0.019506540818016227 0.026798536783633652 0.0098131376819901393 0.0025434674615002484 0.00045586043657403342 3.1375009804690565e-05 1.4193456816407636e-05 0 0 0 0 0 0
3.2378085507394 1 0.11477411477411477 0.15329670329670328 0.032618175475318333 0.021537104870438206 0.029526029526029521 0.01087160702545318 0.0028591778591778591 0.0005386770092652446 4.8197416618469242e-05 2.180359323216466e-05 0 0 0 0 0 0
3.35772738595197 1 0.11680199875078077 0.15115552779512803 0.032702775051307219 0.02387396765910195 0.0324229174947476 0.01201172344207947 0.0031855090568394754 0.00064298049013484225 4.9311285709589399e-05 2.974331518991107e-05 0 0 0 0 0 0
3.4776462211645405 1 0.1184854286322059 0.1483088704530951 0.032318351718479348 0.026483726866624122 0.035432499854963155 0.013229591085366452 0.0035311635822165496 0.00075077893314313602 5.8778087528969199e-05 3.038867110341265e-05 0 0 0 0 0 0
3.597565056377111 1 0.1196525515743757 0.14514657980456028 0.031549557933922757 0.029279768367716247 0.038525318329878593 0.014507642194938612 0.0039305103148751363 0.00086223414447212103 6.8575347162695008e-05 4.6533271288971603e-05 0 0 0 0 0 0
3.7174838915896813 1 0.12033654378390347 0.14187977416140818 0.03031740760070219 0.032215210893390904 0.041605024002898471 0.015864905602534299 0.0043396435292815238 0.00099634672866157439 8.7398835847506516e-05 4.7445082317217818e-05 0 0 0 0 0 0
3.8374027268022517 1 0.12032025259359497 0.13863328822733426 0.028658418712545913 0.03525785596150955 0.044685693197195238 0.017305090038513587 0.0047586829048263425 0.0011541829180928122 0.00010682999786340004 6.4437141568400035e-05 0 0 0 0 0 0
3.9573215620148217 1 0.11979345955249571 0.13569707401032702 0.026555200393410378 0.038324727481353987 0.047723360976373023 0.018800476631801934 0.0052094090648307518 0.0013161891262529108 0.00012682308180088776 6.5568396033112046e-05 0 0 0 0 0 0
4.077240397227392 1 0.1186144156752974 0.13303009097270818 0.024142757172848146 0.041326490941606411 0.050607545009224507 0.020347741831296767 0.0056916258455796597 0.0015230724900177006 0.00014732422378549594 8.3308340831084014e-05 0 0 0 0 0 0
4.1971592324399625 1 0.11679696754323621 0.13091684434968018 0.021423494771042748 0.044262812919529347 0.053369516056083227 0.021950686129790606 0.0061833688699360345 0.0017350223671558176 0.00018703475105674638 0.00010153315057366229 0 0 0 0 0 0
4.496956320471389 1 0.10874381508012702 0.12901558230559043 0.01466445820629411 0.051247651166416393 0.05939537163228175 0.02626496168332074 0.0074932919774511973 0.0023306124754015039 0.00033232405287644926 0.0001846244738202496 9.632581242795631e-06 2.9539915811239936e-06 0 0 0 0
4.7967534085028145 1 0.10023684009473603 0.13080449232179692 0.0083057747508813277 0.055899355693075616 0.063794025517610209 0.030789212315684926 0.0086459367917080497 0.0030649894612899018 0.00064336867840010298 0.00030378107389338196 4.1521755739137074e-05 2.7504011001604402e-05 0 0 0 0
5.09655049653424 1 0.093029969033747981 0.13234136356479295 0.0028679398070045217 0.059002081911859898 0.067258556276033846 0.035472911594782171 0.0096126594237128035 0.0039618587160891762 0.00090122566690699346 0.000474241026909898 7.5304813346751287e-05 0.0001259644150527476 0 0 0 0
5.3963475845656665 1 0.089363880022088449 0.13232857893248212 -0.0022511732075754863 0.060635446550028962 0.070012011504597071 0.040225401492523405 0.010492006411033443 0.0050625931410181761 0.0011015862416556969 0.00066380748428507936 0.00011243317692238775 0.00027475857610408501 0 0 0 0
5.696144672597092 1 0.088128628359464403 0.13182476316551522 -0.0070917375347938367 0.061409193912399962 0.072165413703493372 0.045097995538569739 0.011332202595181952 0.0059862608014289156 0.0013063727037778122 0.00086676792091924684 0.00014389032679291844 0.0004633268522731974 1.9918151718093798e-05 0 0 0
5.995941760628519 1 0.088231148696264985 0.13073995771670191 -0.011597704620960434 0.0613107822410148 0.074111089755910062 0.050121971052203611 0.012149400986610289 0.0067902002238527555 0.0015132969845332146 0.0010671499043592068 0.00020222446916076848 0.00067653276955602544 7.8302403883799231e-05 0 0 0
6.145840304644231 1 0.088423750533959844 0.1301153353267834 -0.013669372063220846 0.061132469504959888 0.074948545687546109 0.052640226070384127 0.012530257724619107 0.007161343819885921 0.0016187414285393107 0.0011797969935517991 0.00022287019668294856 0.00076890217855617258 0.00011074722736405779 0 0 0
6.295738848659944 1 0.088946459412780662 0.12962003454231436 -0.015482358746607453 0.060928804452120518 0.075718323127649548 0.055234489172313002 0.012895797351755899 0.0075434318805242314 0.0017271157167530226 0.0012953367875647669 0.00024404895997597053 0.00084628670120898098 0.00012793449753726094 0 0 0
6.445637392675657 1 0.089810771470160103 0.12917030567685589 -0.017155333749220212 0.060698689956331875 0.076498610559745925 0.057809875713805844 0.013275109170305676 0.0079630105317236057 0.0018386577798207308 0.0014140153878145142 0.00026580596164799694 0.00090829694323144093 0.00016173378618793466 0 0 0
6.59553593669137 1 0.090882309618500509 0.12885550154661954 -0.018685689034783157 0.060490008346835572 0.077290804643875777 0.060437132465413518 0.013639711297687436 0.0083699409945153496 0.0019303672349233667 0.0015360983102918587 0.00028818997483140885 0.00097216084843128586 0.00018002978674653444 3.0475261706309905e-05 0 0
6.8353736071165105 1 0.092876465284039686 0.12849413886384128 -0.020803812958907642 0.060064121831479814 0.078613001065661117 0.064576541582853586 0.014247069431920648 0.0090436535299421843 0.0020881780646386031 0.0017390184207136414 0.00033324185517701022 0.0010640216411181244 0.00021707911698894567 0.0001554678026180778 0 0
7.195130112754222 1 0.096189591078066919 0.12815985130111524 -0.02303505045140733 0.05916976456009912 0.08043257857384252 0.070596225336002294 0.01530359355638166 0.010059042204242292 0.0023478771277636468 0.0020357585413347495 0.00040407305640859868 0.0011895910780669145 0.00027536830510808209 0.00032047173439302655 0 0
7.644825744801361 1 0.10140028971511346 0.12776436504104299 -0.024280885700489755 0.057782069853532923 0.082656599798077338 0.077814508041451541 0.016610333172380493 0.011418183883886726 0.0027192558896032937 0.0023683060863167091 0.00048285852245292122 0.0013133751810719457 0.00033978933061501872 0.00058276028571904292 0 0
7.794724288817074 1 0.10350448247758763 0.12762836185819074 -0.024310164163464897 0.057158380874762299 0.083485218937541683 0.080007523039307887 0.017082314588427062 0.01185099956853157 0.0028310384763865653 0.0024915589707765746 0.00051025831827362597 0.001349633251833741 0.00036222041112016662 0.00067447938622375856 0 0
7.944622832832787 1 0.10572323932046841 0.12736269173676398 -0.024245423057892131 0.056462697234592331 0.084161756106337984 0.082023369999619372 0.017549068118093352 0.012282795354658441 0.0029427849683585508 0.0026153954902099386 0.00053783103500204381 0.0013854527461652647 0.00036652189051991136 0.00081898684502380175 0 0
8.0945213768485 1 0.10832916040727758 0.12729093640460692 -0.023964518205880251 0.05591720914705392 0.084854554559111409 0.084087669966488185 0.017993657152395263 0.01269551385902383 0.0030572174050549506 0.0027183632591744763 0.00056606649104090916 0.0014221331997996997 0.00037092676051113708 0.00084609673130385228 0 0
8.244419920864212 1 0.11133637438756545 0.12711606690319313 -0.023676779378756063 0.055302134369544405 0.085518131133944603 0.086358142617645919 0.018449062341611758 0.013148087415402045 0.0031477578894016588 0.0028238360726956773 0.00059498887150444041 0.0014394323365433351 0.00037543879409059338 0.00083891151231277414 0 0
8.394318464879925 1 0.11441765007696254 0.12693689071318626 -0.023308656453859124 0.054728920814092703 0.086198050282196001 0.088566128586651929 0.018915683256370788 0.01361180695982857 0.0032405282060975942 0.0029563390261184001 0.00062462355276953624 0.0014571575166752182 0.000380061950097866 0.00083154933564515848 0 0
8.544217008895638 1 0.11745372772876665 0.12672548002075765 -0.022759285343613316 0.054200542005420051 0.086663207057602484 0.090615145103987854 0.01933921466874243 0.014072468634573706 0.0033594624860022394 0.0030642251711270911 0.00065431736648541316 0.0014945511157239231 0.00038440100713063867 0.00080525383390297578 0 0
8.69411555291135 1 0.12075008762705924 0.12670872765509988 -0.022082018927444793 0.053744596331347122 0.087324347576713493 0.092736390843646363 0.019838766211005956 0.014597637162120368 0.0034866345674912837 0.0032046467377697661 0.00068577698532437247 0.0015141955835962146 0.00040892627643416283 0.00077957866492621192 0 0
8.844014096927065 1 0.12420042643923242 0.12686567164179105 -0.021321961620469086 0.053304904051172705 0.08805000969180074 0.094882729211087424 0.020326936744847195 0.015176219741627995 0.0035910672202895304 0.0033505939689308559 0.0007184574024288495 0.0015778251599147123 0.00041459369817578768 0.00077200205867215637 0 0
8.993912640942778 1 0.12792792792792793 0.12702702702702701 -0.020308880308880308 0.053033033033033035 0.0887960687960688 0.097006237006237006 0.020828828828828826 0.015707472178060414 0.0036984352773826458 0.0034749034749034752 0.00075205640423031727 0.0016000000000000001 0.00042042042042042044 0.00076421248835041946 0 0
9.293709728974203 1 0.13522537562604342 0.12743461324429606 -0.01796645202321329 0.052742224695480122 0.090453786614053719 0.10132271734942853 0.021888332405861622 0.016825428000916558 0.0039246697712561869 0.0037363860402257732 0.00082262708378698791 0.0016471897607122983 0.0004328201323192976 0.00074837372632548498 0 0
9.593506817005629 1 0.14187643020594964 0.12768878718535467 -0.015201046093494605 0.052440884820747519 0.092053255668816295 0.10530716423164936 0.022959572845156366 0.01797011710862835 0.0041551246537396115 0.0040045766590389009 0.00089543329021987857 0.0017162471395881004 0.00044495296211543342 0.00072989820879034166 0 0
9.893303905037055 1 0.14847417840375585 0.12758215962441316 -0.012240107310529847 0.05209963484611372 0.093576611182244973 0.10883893102202961 0.023982785602503911 0.019055509527754765 0.0044168519891277487 0.0042756539235412477 0.00096958562972035108 0.0018075117370892019 0.00045644235785080855 0.00070827262425125466 0 0
10.19310099306848 1 0.15487609912070344 0.12709832134292565 -0.0093353888317917084 0.051625366373567814 0.094724220623501193 0.11174137612986533 0.024940047961630692 0.020031033996332347 0.0046699482519247763 0.0045106771725476769 0.0010426441455531226 0.0018705035971223018 0.00046629363176125768 0.00068221285040932767 0 0
10.342999537084193 1 0.15789473684210525 0.12667876588021779 -0.0078644888082274652 0.051354439739194728 0.095143815651982613 0.11289496951928893 0.025408348457350273 0.020461905270275079 0.004776005349125991 0.0046092242099501626 0.0010784081643388833 0.0018874773139745916 0.00049293092245300356 0.00066754281661347186 0 0
10.492898081099908 1 0.1608704494610535 0.12617449664429531 -0.0063627647520264974 0.05097959460375568 0.095512784957568361 0.11395316093302671 0.025828757372381536 0.020887915874098269 0.0049131370219325007 0.0047067026932798746 0.0011406743242167812 0.0019280048810250156 0.00049714143673875225 0.00065220592876228149 0 0
10.64279662511562 1 0.16400164001640019 0.12558425584255845 -0.0048321911790546474 0.050635506355063552 0.095885049759588503 0.11491153373072192 0.026240262402624025 0.021271977425656608 0.0050171554347122416 0.0048029051719088627 0.0011765335044654796 0.0019434194341943422 0.00052389412783016725 0.00063621325868431101 0 0
10.792695169131333 1 0.16697664806778259 0.1249845009299442 -0.0033655123549729874 0.050285871736584692 0.096206954855435942 0.11578997567838237 0.026699731349452367 0.021698698078115312 0.0051554801448755183 0.0049006583414518941 0.0012399256044637321 0.0019838809671419715 0.00052811646116047853 0.00064134082989503389 0 0
11.092492257162759 1 0.17295597484276728 0.12352201257861635 -0.00044923629829290209 0.049545772187281623 0.096855345911949678 0.1173681664247702 0.027547169811320753 0.022456529781724008 0.0053955643826547493 0.0050913447139862237 0.0013398960896910035 0.0020377358490566034 0.00053575588166783136 0.00062893081761006286 0 0
11.392289345194184 1 0.17889810678579024 0.12239948947032546 0.0022791503327559484 0.048854853577253068 0.097522770783779078 0.11889450689705955 0.028419485215911509 0.023236607980780057 0.0056762838813690254 0.0052876287719938004 0.0014705474320912295 0.0020931716656030631 0.00054361956084993731 0.00061615650375195299 0 0
11.806009326677552 1 0.18730986527596696 0.12190352020860495 0.0055876327062767744 0.04816746342170071 0.09849472561336968 0.121051048039314 0.029639287266405908 0.024350026842549274 0.0061071845193165436 0.0055565903023530134 0.001672240802675585 0.002164276401564537 0.0005794582065768506 0.00062941150024726871 0 0
11.991883521257037 1 0.1911345183234584 0.12192231731402239 0.00705351264929935 0.047911637773388929 0.098928721048536727 0.12204385476274876 0.030195303928022822 0.024822832358749953 0.0063060878001455246 0.005705508009655475 0.0017459999427541003 0.0022119815668202765 0.00058518030868261271 0.00063562688701732084 2.1236382169933528e-05 0
12.291680609288463 1 0.19732441471571904 0.12200668896321072 0.0091734352603917817 0.047565960609438879 0.09960474308300396 0.12354000514535633 0.031125975473801564 0.02569348809758017 0.0066537581411723291 0.0059563624781016093 0.001890359168241966 0.0023010033444816054 0.00061934844543540203 0.00066889632107023408 2.1577300679684974e-05 0
12.591477697319888 1 0.20357789855072461 0.12228260869565218 0.011257763975155278 0.04717693236714976 0.10017292490118579 0.12505225752508362 0.032019927536231882 0.026534526854219948 0.0070437643020594964 0.0061788302277432719 0.0020380434782608695 0.0023641304347826087 0.00067934782608695661 0.00067934782608695639 4.3828892005610104e-05 0
12.891274785351314 1 0.2100299056820796 0.12298136645962732 0.013309671694764862 0.046852235258032365 0.10069640504423115 0.12650634389764825 0.032942259029215548 0.027321073356878983 0.0074824743016962698 0.0064083604456275263 0.002190416179074024 0.0024568668046928916 0.00071569153694757556 0.00071392874991075888 6.678688305616776e-05 0
13.19107187338274 1 0.21630460172856811 0.12389628591450597 0.015316848533386726 0.046484466246204163 0.10116582786519718 0.12786372702280199 0.033823872926886246 0.028154499361061874 0.0078928927082949126 0.0066740080755497717 0.0023460589256878218 0.0025508058864751226 0.00075267979963144637 0.00074909987192808641 9.0422044894545298e-05 0
13.490868961414165 1 0.22277580071174374 0.12512455516014234 0.017386883579054397 0.046105179913009088 0.1015852474927208 0.12931836846427591 0.034733096085409247 0.028930290977600998 0.0083536242742086528 0.006947974919505169 0.0025065758935478876 0.0026192170818505334 0.00079082641360221423 0.00078537243833599207 0.00011479738261967626 0
13.790666049445592 1 0.22888086642599278 0.12664259927797833 0.01939143888602372 0.045728038507821894 0.10180505415162452 0.13057484032213273 0.035619735258724423 0.029730303673816096 0.008740262207866235 0.007185834622657726 0.0026369486736776012 0.002714801444043321 0.00082898783259794089 0.00082161085522220833 0.00013974612786770698 0
14.390260225508444 1 0.24079601990049748 0.13104477611940296 0.023134328358208955 0.045356550580431171 0.10291723202170963 0.13335246842709528 0.037562189054726365 0.031518876207199301 0.0097800471327572653 0.0078535891968727796 0.0030175210902011677 0.0028955223880597013 0.00091210613598673293 0.00090066906845084915 0.00019258545979778527 2.2614201718679331e-05
14.540158769524156 1 0.24379232505643342 0.13227990970654629 0.02397076211974632 0.045313936961792499 0.10322183459880979 0.13405105052960584 0.038023576624028096 0.031956800779002349 0.010059007564056871 0.0080260847755204423 0.0031079268492164754 0.0029495861550037621 0.00094752389711005218 0.00093407021094418937 0.00019417947037549458 2.2801377203183074e-05
14.989854401571295 1 0.25263428424569517 0.13585196607555897 0.026654917942504679 0.045146920243296494 0.10401626130230603 0.13605361485083919 0.039527113852480075 0.033380198648464782 0.010915878748528993 0.0085178250174395113 0.003385739666789581 0.0030840400925212026 0.0010280133641737343 0.0010102889958259111 0.00022384161961847438 4.6727880189715189e-05
15.589448577634148 1 0.2643312101910828 0.14028662420382168 0.030141037306642405 0.044939844302901627 0.10473364215402432 0.1384125428711416 0.041666666666666664 0.035359685275384044 0.012277908146161582 0.009212920837124659 0.0037385765715868186 0.0033439490445859878 0.0011795234725171034 0.0011805403030968593 0.00028251489623998363 9.6506465933217546e-05
15.889245665665573 1 0.27000808407437343 0.14244139046079224 0.031874350386880704 0.044911524297134645 0.10494598368486809 0.13941919034885891 0.04268391269199677 0.036330781302011506 0.012977066757435221 0.0095854024714170215 0.0039014445889423923 0.0034599838318512526 0.00125752268031977 0.0012823014523457754 0.00031293191123164783 0.00014698317042698611
16.189042753697 1 0.27536231884057971 0.14454470877768663 0.033399742177428811 0.044845501777413178 0.10507867849951526 0.1404051239982331 0.043751709051134811 0.037253293442069201 0.013686801088035924 0.0099222625883823596 0.0041017227235438884 0.0036095159967186219 0.0013368577765624527 0.0014143871460496169 0.00034401545423271322 0.00017401247918064983
16.488839841728424 1 0.28087704690535664 0.14671107410491258 0.034970857618651124 0.044870015727634383 0.10513965634698356 0.14135656183949274 0.044796003330557867 0.038203457902728118 0.014461632849818136 0.01030886959279965 0.0043080041993990518 0.0037302248126561198 0.0014185709439664476 0.0015504321111717248 0.00040289006473100375 0.00020185199202684632
16.78863692975985 1 0.28607594936708863 0.14886075949367089 0.036528028933092226 0.044913267698077824 0.10510164940544688 0.14203180785459268 0.045794655414908583 0.039066765946885088 0.015189873417721522 0.010648985332529637 0.0045129334067143647 0.0038818565400843886 0.0015002344116268166 0.0016586643387167179 0.00043555192595617264 0.00023014959723820485
17.3882311058227 1 0.29607163489312532 0.15320623916811094 0.039613765783609804 0.044771808203350666 0.10461635418307863 0.14311425143314224 0.047833622183708832 0.040880823733306142 0.016738119127975921 0.011471486341503672 0.0048978976716147985 0.0042634315424610056 0.0017010077668656526 0.0019422697663300066 0.00053111198076815562 0.0003151095005514416
17.987825281885556 1 0.30637037037037035 0.15822222222222221 0.042920634920634915 0.044543209876543213 0.10367676767676767 0.14379487179487177 0.049777777777777782 0.042666666666666672 0.018245614035087721 0.012359788359788359 0.0053333333333333332 0.004657777777777778 0.0019423868312757201 0.002206896551724138 0.00065949820788530457 0.00040404040404040404
18.587419457948407 1 0.31633272616879177 0.16320582877959927 0.046057767369242782 0.044221817445861164 0.10266600430534857 0.14424828359254588 0.051851851851851857 0.044519447123111539 0.019748825615952453 0.013184144331685315 0.0058208600617723925 0.0050637522768670305 0.0021588072589894085 0.0024809999371898754 0.00076385216522709912 0.00049677098857426726
18.923192196543603 1 0.32194521391197289 0.16620498614958451 0.047750956338213961 0.044116138298963783 0.10215730714345674 0.1443994601889339 0.053062480763311791 0.045570582803758627 0.020605530446615155 0.013630567647188148 0.0061022120518688036 0.0052816251154201299 0.0023255018638213467 0.0026108829241888757 0.00086378935454085133 0.00055961274797839897
19.187013634011258 1 0.32648615001556175 0.16862745098039217 0.049086301187141523 0.04409171075837743 0.10185892538833716 0.14450908568555626 0.054030501089324619 0.046410721151205585 0.021327829377364983 0.014005602240896359 0.0063329679697966138 0.0054901960784313718 0.0024553031088978801 0.0027045300878972278 0.00093370681605975717 0.0005941770647653001
19.486810722042684 1 0.33144297416509133 0.17126654064272212 0.050634620577909795 0.044108380592312542 0.10147791716789825 0.14453977024865494 0.055072463768115941 0.047370176804181027 0.022137100785991442 0.014425240795751193 0.0065751623243198816 0.0057466918714555761 0.0025904921935167684 0.0028355387523629487 0.0010061589121287884 0.00064444062553703377
19.78660781007411 1 0.33620414673046256 0.17416267942583732 0.052358168147641833 0.044125465178096762 0.10108742931709438 0.14442399705557601 0.056140350877192977 0.048353504081058263 0.02301687232435155 0.014855320118478014 0.0068233825670896611 0.00600956937799043 0.0027290448343079924 0.0029698069625474343 0.0010804136440808766 0.00069595476294040891
20.086404898105535 1 0.34125060591371786 0.17702375181774116 0.054082127276504396 0.044164377659287983 0.1007799762041158 0.14437525634811138 0.057133624171917918 0.049385532206096198 0.023981427150036993 0.015303649331763727 0.0070812872768656861 0.0063596703829374704 0.0029083858458555495 0.0031089641800524843 0.0011570997451253264 0.00073444087016554297
20.38620198613696 1 0.34643091028159789 0.17976424361493124 0.055851810272242494 0.044204322200392929 0.10046436863725665 0.14424965996675229 0.058153241650294694 0.050444932393389576 0.024971564471099165 0.015763869398447001 0.0073460322883744768 0.0067583497053045182 0.0030924834461180241 0.0032687487297608565 0.0012358197604410925 0.00078883133892957075
20.685999074168386 1 0.35157545605306795 0.18248756218905474 0.057711442786069649 0.044223327805417351 0.10004522840343735 0.14404898584003062 0.059104477611940293 0.051507170032191976 0.025975386226760929 0.016204690831556505 0.0076141033960631628 0.0072039800995024874 0.0032798968122351203 0.0034311202607651397 0.0013160006419515326 0.00084426353083069498
20.985796162199815 1 0.35721493440968727 0.18526740665993949 0.059679976935274617 0.044287476174459023 0.099715622419961486 0.14402701234184584 0.060141271442986879 0.052709681248887044 0.027032768601625155 0.016721925904569699 0.0078532882902645536 0.0076690211907164485 0.0034757259782486828 0.0036187758794669262 0.001399694020376941 0.00090205791517597781
21.585390338262666 1 0.36863966770508827 0.19065420560747665 0.063937101320278897 0.044305988231221873 0.099027659775323323 0.14426072369997606 0.06233991000346141 0.055097428379451474 0.029239766081871347 0.017801513128615932 0.0083750959411260113 0.0086396677050882657 0.0038844659820776121 0.0040462634726250576 0.0015743811342243661 0.0010069542779823156
22.184984514325517 1 0.38039215686274508 0.19614973262032087 0.068449197860962568 0.044325609031491381 0.098298492950899374 0.14479638009049772 0.064670231729055255 0.05756527209814407 0.031522656909653814 0.018945760122230711 0.0089281562427342472 0.0096684491978609628 0.0043176866706278469 0.0045362345565185327 0.0017595307917888565 0.0011019283746556473
22.78457869038837 1 0.3917033773861967 0.2015418502202643 0.073159219634990544 0.044175232501223689 0.097416900280336394 0.14567095899695018 0.067070484581497794 0.060119201865768329 0.033793183399026198 0.020138451856513528 0.0094809423482091551 0.010748898678414096 0.0047519986947299718 0.0050888652590004562 0.0019361944010231631 0.0012014417300760911
23.38417286645122 1 0.40321057601510862 0.20679886685552407 0.078186968838526924 0.043814919735599617 0.096420293587432399 0.14634996731314012 0.06949952785646836 0.062689551741376442 0.036081705680632174 0.021313907999460407 0.010050498829905162 0.011875354107648726 0.0052040709264505308 0.0056657223796033997 0.0021200767613999819 0.0013048330328783587
23.983767042514074 1 0.41540256709451578 0.21236872812135354 0.083513918986497751 0.043368339167639054 0.09536437891163678 0.1472040211830177 0.0721509140412291 0.06537854348273732 0.038506417736289385 0.022559315441462464 0.010603216478108669 0.013068844807467912 0.0056830459397553918 0.006276908220335573 0.0022960816049986828 0.0014143771436653583
