E L0 L1 L2 L3 L4 L5 L6 L7 L8 L9 L10 L11 L12 L13 L14 L15 L16
0.005995941760628518 0.9990 0.0002 0.0008 0 0 0 0 0 0 0 0 0 0 0 0 0 0
0.011991883521257036 0.9983 0.0009 0.0008 0 0 0 0 0 0 0 0 0 0 0 0 0 0
0.017987825281885552 0.9978 0.0014 0.0008 0 0 0 0 0 0 0 0 0 0 0 0 0 0
0.02398376704251407 0.9976 0.0018 0.0006 0 0 0 0 0 0 0 0 0 0 0 0 0 0
0.02997970880314259 0.9974 0.0022 0.0004 0 0 0 0 0 0 0 0 0 0 0 0 0 0
0.035975650563771104 0.9972 0.0026 0.0002 0 0 0 0 0 0 0 0 0 0 0 0 0 0
0.041971592324399634 0.99704 0.00295 0.00001 0 0 0 0 0 0 0 0 0 0 0 0 0 0
0.04796753408502814 0.9970 0.0033 -0.0003 0 0 0 0 0 0 0 0 0 0 0 0 0 0
0.05396347584565666 0.9970 0.0037 -0.0007 0 0 0 0 0 0 0 0 0 0 0 0 0 0
0.05995941760628518 0.9969 0.0041 -0.0010 0 0 0 0 0 0 0 0 0 0 0 0 0 0
0.06295738848659944 0.9969 0.0043 -0.0012 0 0 0 0 0 0 0 0 0 0 0 0 0 0
0.0659553593669137 0.9969 0.005 -0.0014 0 0 0 0 0 0 0 0 0 0 0 0 0 0
0.06895333024722797 0.9969 0.0047 -0.0016 0 0 0 0 0 0 0 0 0 0 0 0 0 0
0.07195130112754221 0.9969 0.0049 -0.0018 0 0 0 0 0 0 0 0 0 0 0 0 0 0
0.07794724288817075 0.9969 0.0053 -0.0022 0 0 0 0 0 0 0 0 0 0 0 0 0 0
0.08394318464879927 0.9969 0.0058 -0.0027 0 0 0 0 0 0 0 0 0 0 0 0 0 0
0.08993912640942776 0.9969 0.0062 -0.0032 0.00005 0 0 0 0 0 0 0 0 0 0 0 0 0
0.09593506817005629 0.9969 0.0067 -0.0037 0.0001 0 0 0 0 0 0 0 0 0 0 0 0 0
0.10193100993068481 0.9970 0.0072 -0.0042 0.0001 0 0 0 0 0 0 0 0 0 0 0 0 0
0.10792695169131332 0.9970 0.0077 -0.0048 0.0001 0 0 0 0 0 0 0 0 0 0 0 0 0
0.11392289345194184 0.9970 0.0082 -0.0053 0.0001 0 0 0 0 0 0 0 0 0 0 0 0 0
0.11991883521257037 0.9970 0.0088 -0.0059 0.0001 0 0 0 0 0 0 0 0 0 0 0 0 0
0.1319107187338274 0.9970 0.00995 -0.0071 0.00015 0 0 0 0 0 0 0 0 0 0 0 0 0
0.14390260225508442 0.9970 0.0111 -0.0083 0.0002 0 0 0 0 0 0 0 0 0 0 0 0 0
0.1558944857763415 0.9970 0.0123 -0.0096 0.0002 0.0001 0 0 0 0 0 0 0 0 0 0 0 0
0.16788636929759854 0.9970 0.0136 -0.0109 0.0002 0.0001 0 0 0 0 0 0 0 0 0 0 0 0
0.17987825281885553 0.9970 0.0149 -0.0123 0.0003 0.0001 0 0 0 0 0 0 0 0 0 0 0 0
0.19187013634011257 0.9969 0.0163 -0.0136 0.0003 0.0001 0 0 0 0 0 0 0 0 0 0 0 0
0.20386201986136962 0.9968 0.0177 -0.0150 0.0004 0.0001 0 0 0 0 0 0 0 0 0 0 0 0
0.21585390338262664 0.9967 0.0192 -0.0165 0.0004 0.0002 0 0 0 0 0 0 0 0 0 0 0 0
0.22784578690388368 0.99655 0.02065 -0.0179 0.0005 0.0002 0 0 0 0 0 0 0 0 0 0 0 0
0.23983767042514073 0.9964 0.0221 -0.0193 0.0005 0.0002 0.0001 0 0 0 0 0 0 0 0 0 0 0
0.2518295539463978 0.99615 0.02365 -0.0208 0.0006 0.0003 0.0001 0 0 0 0 0 0 0 0 0 0 0
0.2638214374676548 0.9959 0.0252 -0.0222 0.0007 0.0003 0.0001 0 0 0 0 0 0 0 0 0 0 0
0.27581332098891187 0.9956 0.0268 -0.0237 0.0008 0.0004 0.0001 0 0 0 0 0 0 0 0 0 0 0
0.28780520451016883 0.9953 0.0284 -.02515 0.00085 0.00045 0.00015 0 0 0 0 0 0 0 0 0 0 0
0.2997970880314259 0.9950 0.0300 -0.0266 0.0009 0.0005 0.0002 0 0 0 0 0 0 0 0 0 0 0
0.3297767968345685 0.9939 0.0342 -0.0301 0.0012 0.0006 0.0002 0 0 0 0 0 0 0 0 0 0 0
0.35975650563771105 0.9925 0.0384 -0.0336 0.0015 0.00085 0.0003 0.00005 0 0 0 0 0 0 0 0 0 0
0.3897362144408537 0.9908 0.0426 -0.0369 0.00185 0.0011 0.00045 0.0001 0 0 0 0 0 0 0 0 0 0
0.41971592324399626 0.9887 0.0469 -0.0399 0.0022 0.0014 0.0006 0.0001 0 0 0 0 0 0 0 0 0 0
0.44969563204713886 0.9863 0.05115 -0.0428 0.00265 0.0018 0.00075 0.0001 0 0 0 0 0 0 0 0 0 0
0.47967534085028146 0.9835 0.0554 -0.0453 0.0031 0.0022 0.0009 0.0002 0 0 0 0 0 0 0 0 0 0
0.509655049653424 0.9802 0.0596 -0.0475 0.0037 0.00265 0.00115 0.0002 0 0 0 0 0 0 0 0 0 0
0.5396347584565666 0.9765 0.06375 -.04945 0.0043 0.0032 0.0014 0.0003 0 0 0 0 0 0 0 0 0 0
0.5696144672597092 0.9723 0.0678 -0.0509 0.0049 0.0038 0.0017 0.0004 0 0 0 0 0 0 0 0 0 0
0.5995941760628518 0.9676 0.0718 -0.0521 0.0057 0.00435 0.0021 0.0005 0.00005 0 0 0 0 0 0 0 0 0
0.659553593669137 0.9567 0.0795 -.05305 0.00725 0.0059 0.0029 0.0007 0.0001 0 0 0 0 0 0 0 0 0
0.7195130112754221 0.9438 0.0866 -0.0522 0.0092 0.0076 0.0039 0.00095 0.00015 0 0 0 0 0 0 0 0 0
0.7794724288817074 0.9289 0.0932 -0.0495 0.0113 0.0095 0.0051 0.0013 0.0002 0 0 0 0 0 0 0 0 0
0.8394318464879925 0.9120 0.0992 -0.0449 0.0137 0.0117 0.0064 0.0017 0.0002 0 0 0 0 0 0 0 0 0
0.8993912640942777 0.8933 0.1045 -0.0385 0.0163 0.0140 0.0079 0.0022 0.0003 0 0 0 0 0 0 0 0 0
0.9593506817005629 0.8730 0.1091 -0.0304 0.0191 0.0165 0.0096 0.0027 0.0004 0 0 0 0 0 0 0 0 0
1.019310099306848 0.8513 0.1130 -0.0206 0.0220 0.0191 0.0113 0.0033 0.0005 0.0001 0 0 0 0 0 0 0 0
1.0792695169131332 0.8284 0.1163 -0.0094 0.0250 0.0218 0.0132 0.0040 0.0006 0.0001 0 0 0 0 0 0 0 0
1.1392289345194184 0.8045 0.1190 0.0030 0.0282 0.0245 0.0153 0.0047 0.0007 0.0001 0 0 0 0 0 0 0 0
1.1991883521257036 0.7801 0.1211 0.0165 0.0313 0.0272 0.0173 0.0054 0.00095 0.00015 0 0 0 0 0 0 0 0
1.319107187338274 0.7303 0.1237 0.0458 0.0376 0.0324 0.0217 0.00715 0.0012 0.00015 0 0 0 0 0 0 0 0
1.4390260225508442 0.6810 0.1246 0.0767 0.0436 0.0371 0.0261 0.0090 0.0017 0.0002 0 0 0 0 0 0 0 0
1.5589448577634148 0.6337 0.1242 0.1079 0.0491 0.0411 0.0306 0.0109 0.0022 0.0003 0 0 0 0 0 0 0 0
1.678863692975985 0.5895 0.1230 0.1381 0.0541 0.0443 0.0350 0.0130 0.0027 0.0003 0 0 0 0 0 0 0 0
1.7987825281885554 0.5493 0.1212 0.16635 0.0584 0.04665 0.0394 0.01505 0.00325 0.0004 0 0 0 0 0 0 0 0
1.9187013634011258 0.5137 0.1193 0.1917 0.0620 0.0482 0.0437 0.0171 0.0038 0.0005 0 0 0 0 0 0 0 0
2.038620198613696 0.4822 0.1175 0.2137 0.0649 0.04915 0.04815 0.0193 0.0045 0.0006 0 0 0 0 0 0 0 0
2.1585390338262664 0.4554 0.11645 0.2316 0.0670 0.0495 0.0526 0.0215 0.0052 0.00075 0 0 0 0 0 0 0 0
2.278457869038837 0.4298 0.1178 0.2461 0.0690 0.04985 0.0569 0.0236 0.0060 0.0009 0.00005 0 0 0 0 0 0 0
2.3983767042514073 0.4084 0.1170 0.25845 0.0712 0.0495 0.0617 0.0258 0.0068 0.0011 0.00005 0 0 0 0 0 0 0
2.5182955394639777 0.3909 0.1160 0.2668 0.0729 0.0493 0.0668 0.0283 0.0076 0.0013 0.0001 0 0 0 0 0 0 0
2.638214374676548 0.3764 0.1152 0.2714 0.0741 0.0496 0.0724 0.0308 0.0085 0.0015 0.0001 0 0 0 0 0 0 0
2.758133209889118 0.3641 0.1145 0.2725 0.07495 0.0506 0.0784 0.0336 0.0095 0.0017 0.0001 0.00005 0 0 0 0 0 0
2.8780520451016884 0.3535 0.1140 0.2705 0.0756 0.0524 0.0848 0.0365 0.0105 0.0020 0.00015 0.00005 0 0 0 0 0 0
2.9979708803142593 0.3440 0.1136 0.2659 0.07585 0.0552 0.0916 0.0396 0.01165 0.0023 0.0002 0.0001 0 0 0 0 0 0
3.1178897155268297 0.3355 0.1133 0.2593 0.0756 0.0589 0.0989 0.0428 0.0128 0.0026 0.0002 0.0001 0 0 0 0 0 0
3.2378085507394 0.3276 0.1128 0.2511 0.0748 0.0635 0.1064 0.0463 0.01405 0.0030 0.0003 0.00015 0 0 0 0 0 0
3.35772738595197 0.3202 0.1122 0.2420 0.0733 0.0688 0.1142 0.0500 0.0153 0.0035 0.0003 0.0002 0 0 0 0 0 0
3.4776462211645405 0.3134 0.1114 0.2324 0.0709 0.0747 0.12215 0.0539 0.0166 0.0040 0.00035 0.0002 0 0 0 0 0 0
3.597565056377111 0.3070 0.1102 0.2228 0.0678 0.0809 0.1301 0.0579 0.0181 0.0045 0.0004 0.0003 0 0 0 0 0 0
3.7174838915896813 0.3011 0.1087 0.2136 0.0639 0.0873 0.1378 0.0621 0.0196 0.0051 0.0005 0.0003 0 0 0 0 0 0
3.8374027268022517 0.2956 0.1067 0.2049 0.0593 0.0938 0.1453 0.0665 0.0211 0.0058 0.0006 0.0004 0 0 0 0 0 0
3.9573215620148217 0.2905 0.1044 0.1971 0.0540 0.1002 0.1525 0.0710 0.0227 0.0065 0.0007 0.0004 0 0 0 0 0 0
4.077240397227392 0.2858 0.1017 0.1901 0.0483 0.1063 0.1591 0.0756 0.0244 0.0074 0.0008 0.0005 0 0 0 0 0 0
4.1971592324399625 0.2814 0.0986 0.1842 0.0422 0.1121 0.1652 0.0803 0.0261 0.0083 0.0010 0.0006 0 0 0 0 0 0
4.496956320471389 0.27082 0.08835 0.17470 0.0278 0.12491 0.17694 0.09247 0.03044 0.01073 0.00171 0.00105 0.00006 0.00002 0 0 0 0
4.7967534085028145 0.26178 0.07872 0.17121 0.01522 0.13170 0.18370 0.10478 0.03395 0.01364 0.00320 0.00167 0.00025 0.00018 0 0 0 0
5.09655049653424 0.25404 0.0709 0.1681 0.0051 0.1349 0.18795 0.11715 0.03663 0.01711 0.00435 0.00253 0.00044 0.00080 0 0 0 0
5.3963475845656665 0.24749 0.06635 0.16375 -0.0039 0.13506 0.1906 0.12942 0.03895 0.0213 0.00518 0.00345 0.00064 0.0017 0 0 0 0
5.696144672597092 0.24173 0.06391 0.15933 -0.0120 0.1336 0.19189 0.14172 0.04109 0.0246 0.0060 0.0044 0.0008 0.0028 0.00013 0 0 0
5.995941760628519 0.2365 0.0626 0.1546 -0.0192 0.1305 0.1928 0.1541 0.0431 0.0273 0.0068 0.0053 0.0011 0.0040 0.0005 0 0 0
6.145840304644231 0.2341 0.0621 0.1523 -0.0224 0.1288 0.1930 0.1602 0.0440 0.0285 0.0072 0.0058 0.0012 0.0045 0.0007 0 0 0
6.295738848659944 0.2316 0.0618 0.1501 -0.0251 0.1270 0.1929 0.1663 0.0448 0.0297 0.0076 0.0063 0.0013 0.0049 0.0008 0 0 0
6.445637392675657 0.2290 0.0617 0.1479 -0.0275 0.1251 0.1927 0.1721 0.0456 0.0310 0.0080 0.0068 0.0014 0.0052 0.0010 0 0 0
6.59553593669137 0.2263 0.0617 0.1458 -0.0296 0.1232 0.1924 0.1778 0.0463 0.0322 0.0083 0.0073 0.0015 0.0055 0.0011 0.0002 0 0
6.8353736071165105 0.2218 0.0618 0.1425 -0.0323 0.1199 0.1918 0.1862 0.0474 0.0341 0.0088 0.0081 0.0017 0.0059 0.0013 0.0010 0 0
7.195130112754222 0.2152 0.0621 0.1379 -0.0347 0.1146 0.1904 0.1975 0.0494 0.0368 0.0096 0.0092 0.0020 0.0064 0.0016 0.0020 0 0
7.644825744801361 0.2071 0.0630 0.1323 -0.0352 0.1077 0.1883 0.2095 0.0516 0.0402 0.0107 0.0103 0.0023 0.0068 0.0019 0.0035 0 0
7.794724288817074 0.2045 0.0635 0.1305 -0.0348 0.1052 0.1878 0.2127 0.0524 0.0412 0.0110 0.0107 0.0024 0.0069 0.0020 0.0040 0 0
7.944622832832787 0.2021 0.0641 0.1287 -0.0343 0.1027 0.1871 0.2155 0.0532 0.0422 0.0113 0.0111 0.0025 0.0070 0.0020 0.0048 0 0
8.0945213768485 0.1997 0.0649 0.1271 -0.0335 0.1005 0.1864 0.2183 0.0539 0.0431 0.0116 0.0114 0.0026 0.0071 0.0020 0.0049 0 0
8.244419920864212 0.1973 0.0659 0.1254 -0.0327 0.0982 0.1856 0.2215 0.0546 0.0441 0.0118 0.0117 0.0027 0.0071 0.0020 0.0048 0 0
8.394318464879925 0.1949 0.0669 0.1237 -0.0318 0.0960 0.1848 0.2244 0.0553 0.0451 0.0120 0.0121 0.0028 0.0071 0.0020 0.0047 0 0
8.544217008895638 0.1927 0.0679 0.1221 -0.0307 0.0940 0.1837 0.2270 0.0559 0.0461 0.0123 0.0124 0.0029 0.0072 0.0020 0.0045 0 0
8.69411555291135 0.1902 0.0689 0.1205 -0.0294 0.0920 0.1827 0.2293 0.0566 0.0472 0.0126 0.0128 0.0030 0.0072 0.0021 0.0043 0 0
8.844014096927065 0.1876 0.0699 0.1190 -0.0280 0.0900 0.1817 0.2314 0.0572 0.0484 0.0128 0.0132 0.0031 0.0074 0.0021 0.0042 0 0
8.993912640942778 0.1850 0.0710 0.1175 -0.0263 0.0883 0.1807 0.2333 0.0578 0.0494 0.0130 0.0135 0.0032 0.0074 0.0021 0.0041 0 0
9.293709728974203 0.1797 0.0729 0.1145 -0.0226 0.0853 0.1788 0.2367 0.0590 0.0514 0.0134 0.0141 0.0034 0.0074 0.0021 0.0039 0 0
9.593506817005629 0.1748 0.0744 0.1116 -0.0186 0.0825 0.1770 0.2393 0.0602 0.0534 0.0138 0.0147 0.0036 0.0075 0.0021 0.0037 0 0
9.893303905037055 0.1704 0.0759 0.1087 -0.0146 0.0799 0.1754 0.2411 0.0613 0.0552 0.0143 0.0153 0.0038 0.0077 0.0021 0.0035 0 0
10.19310099306848 0.1668 0.0775 0.1060 -0.0109 0.0775 0.1738 0.2423 0.0624 0.0568 0.0148 0.0158 0.0040 0.0078 0.0021 0.0033 0 0
10.342999537084193 0.1653 0.0783 0.1047 -0.0091 0.0764 0.1730 0.2426 0.0630 0.0575 0.0150 0.0160 0.0041 0.0078 0.0022 0.0032 0 0
10.492898081099908 0.1639 0.0791 0.1034 -0.0073 0.0752 0.1722 0.2428 0.0635 0.0582 0.0153 0.0162 0.0043 0.0079 0.0022 0.0031 0 0
10.64279662511562 0.1626 0.0800 0.1021 -0.0055 0.0741 0.1715 0.2429 0.0640 0.0588 0.0155 0.0164 0.0044 0.0079 0.0023 0.0030 0 0
10.792695169131333 0.1613 0.0808 0.1008 -0.0038 0.0730 0.1707 0.2428 0.0646 0.0595 0.0158 0.0166 0.0046 0.0080 0.0023 0.0030 0 0
11.092492257162759 0.1590 0.0825 0.0982 -0.0005 0.0709 0.1694 0.2426 0.0657 0.0607 0.0163 0.0170 0.0049 0.0081 0.0023 0.0029 0 0
11.392289345194184 0.1567 0.0841 0.0959 0.0025 0.0689 0.1681 0.2422 0.0668 0.0619 0.0169 0.0174 0.0053 0.0082 0.0023 0.0028 0 0
11.806009326677552 0.1534 0.0862 0.0935 0.0060 0.0665 0.1662 0.2414 0.0682 0.0635 0.0178 0.0179 0.0059 0.0083 0.0024 0.0028 0 0
11.991883521257037 0.1519 0.0871 0.0926 0.0075 0.0655 0.1653 0.2410 0.0688 0.0641 0.0182 0.0182 0.0061 0.0084 0.0024 0.0028 0.0001 0
12.291680609288463 0.1495 0.0885 0.0912 0.0096 0.0640 0.1638 0.2401 0.0698 0.0653 0.0189 0.0187 0.0065 0.0086 0.0025 0.0029 0.0001 0
12.591477697319888 0.1472 0.0899 0.0900 0.0116 0.0625 0.1622 0.2393 0.0707 0.0664 0.0197 0.0191 0.0069 0.0087 0.0027 0.0029 0.0002 0
12.891274785351314 0.1449 0.0913 0.0891 0.0135 0.0611 0.1605 0.2383 0.0716 0.0673 0.0206 0.0195 0.0073 0.0089 0.0028 0.0030 0.0003 0
13.19107187338274 0.1427 0.0926 0.0884 0.0153 0.0597 0.1588 0.2372 0.0724 0.0683 0.0214 0.0200 0.0077 0.0091 0.0029 0.0031 0.0004 0
13.490868961414165 0.1405 0.0939 0.0879 0.0171 0.0583 0.1570 0.2362 0.0732 0.0691 0.0223 0.0205 0.0081 0.0092 0.0030 0.0032 0.0005 0
13.790666049445592 0.1385 0.0951 0.0877 0.0188 0.0570 0.1551 0.2351 0.0740 0.0700 0.0230 0.0209 0.0084 0.0094 0.0031 0.0033 0.0006 0
14.390260225508444 0.1340 0.0968 0.0878 0.0217 0.0547 0.1517 0.2323 0.0755 0.0718 0.0249 0.0221 0.0093 0.0097 0.0033 0.0035 0.0008 0.0001
14.540158769524156 0.1329 0.0972 0.0879 0.0223 0.0542 0.1509 0.2316 0.0758 0.0722 0.0254 0.0224 0.0095 0.0098 0.0034 0.0036 0.0008 0.0001
14.989854401571295 0.1297 0.0983 0.0881 0.0242 0.0527 0.1484 0.2294 0.0769 0.0736 0.0269 0.0232 0.0101 0.0100 0.0036 0.0038 0.0009 0.0002
15.589448577634148 0.1256 0.0996 0.0881 0.0265 0.0508 0.1447 0.2260 0.0785 0.0755 0.0293 0.0243 0.0108 0.0105 0.0040 0.0043 0.0011 0.0004
15.889245665665573 0.1237 0.1002 0.0881 0.0276 0.0500 0.1428 0.2242 0.0792 0.0764 0.0305 0.0249 0.0111 0.0107 0.0042 0.0046 0.0012 0.0006
16.189042753697 0.1219 0.1007 0.0881 0.0285 0.0492 0.1409 0.2225 0.0800 0.0772 0.0317 0.0254 0.0115 0.0110 0.0044 0.0050 0.0013 0.0007
16.488839841728424 0.1201 0.1012 0.0881 0.0294 0.0485 0.1389 0.2207 0.0807 0.0780 0.0330 0.0260 0.0119 0.0112 0.0046 0.0054 0.0015 0.0008
16.78863692975985 0.1185 0.1017 0.0882 0.0303 0.0479 0.1370 0.2188 0.0814 0.0787 0.0342 0.0265 0.0123 0.0115 0.0048 0.0057 0.0016 0.0009
17.3882311058227 0.1154 0.1025 0.0884 0.0320 0.0465 0.1328 0.2147 0.0828 0.0802 0.0367 0.0278 0.0130 0.0123 0.0053 0.0065 0.0019 0.0012
17.987825281885556 0.1125 0.1034 0.0890 0.0338 0.0451 0.1283 0.2103 0.0840 0.0816 0.0390 0.0292 0.0138 0.0131 0.0059 0.0072 0.0023 0.0015
18.587419457948407 0.1098 0.1042 0.0896 0.0354 0.0437 0.1240 0.2059 0.0854 0.0831 0.0412 0.0304 0.0147 0.0139 0.0064 0.0079 0.0026 0.0018
18.923192196543603 0.1083 0.1046 0.0900 0.0362 0.0430 0.1217 0.2033 0.0862 0.0839 0.0424 0.0310 0.0152 0.0143 0.0068 0.0082 0.0029 0.0020
19.187013634011258 0.1071 0.1049 0.0903 0.0368 0.0425 0.1200 0.2012 0.0868 0.0845 0.0434 0.0315 0.0156 0.0147 0.0071 0.0084 0.0031 0.0021
19.486810722042684 0.1058 0.1052 0.0906 0.0375 0.0420 0.1181 0.1988 0.0874 0.0852 0.0445 .03205 0.0160 0.0152 0.0074 0.0087 0.0033 .00225
19.78660781007411 0.1045 0.1054 0.0910 0.0383 0.0415 0.1162 0.1962 0.0880 0.0859 0.0457 0.0326 0.0164 0.0157 0.0077 0.0090 0.0035 0.0024
20.086404898105535 .10315 0.1056 0.0913 .03905 0.0410 .11435 0.1936 0.0884 0.0866 0.0470 .03315 0.0168 0.0164 0.0081 0.0093 0.0037 0.0025
20.38620198613696 0.1018 0.1058 0.0915 0.0398 0.0405 0.1125 0.1909 0.0888 0.0873 0.0483 0.0337 0.0172 0.0172 0.0085 .00965 0.0039 .00265
20.685999074168386 0.1005 0.1060 0.0917 0.0406 0.0400 0.1106 0.1882 0.0891 0.0880 0.0496 0.0342 0.0176 0.0181 0.0089 0.0100 0.0041 0.0028
20.985796162199815 0.0991 0.1062 0.0918 0.0414 0.0395 0.1087 .18555 0.0894 0.0888 0.0509 0.0348 0.0179 0.0190 0.0093 0.0104 0.0043 .00295
21.585390338262666 0.0963 0.1065 0.0918 0.0431 0.0384 0.1049 0.1806 .09005 0.0902 0.0535 0.0360 .01855 0.0208 0.0101 0.0113 0.0047 0.0032
22.184984514325517 0.0935 0.1067 0.0917 0.0448 0.0373 0.1011 0.1760 0.0907 0.0915 0.0560 0.0372 0.0192 0.0226 0.0109 0.0123 0.0051 0.0034
22.78457869038837 0.0908 0.1067 0.0915 0.0465 0.0361 0.0973 .17195 .09135 0.0928 0.0583 0.0384 0.0198 0.0244 .01165 0.0134 .00545 0.0036
23.38417286645122 .08825 .10675 .09125 0.0483 0.0348 0.0936 0.1679 0.0920 0.09405 0.0605 0.0395 0.0204 0.0262 0.0124 0.0145 0.0058 0.0038
23.983767042514074 0.0857 0.1068 0.0910 0.0501 .03345 0.0899 0.1640 .09275 0.09525 0.0627 0.0406 0.0209 0.0280 .01315 0.0156 0.0061 0.0040
